-199.4164,19.43413,130.9816
-199.4164,19.43413,130.9816
-199.4164,19.43413,130.9816
-199.4164,19.43413,130.9816
-199.4164,19.43413,130.9816
-199.4164,19.43413,130.9816
-199.4164,19.43413,130.9816
-199.4164,19.43413,130.9816
-199.353,19.41782,130.9989
-198.6298,19.357,131.2345
-197.3948,19.19724,131.7278
-195.4517,19.07919,132.6904
-193.1487,18.99719,133.832
-190.7538,18.9065,135.0843
-188.4069,18.83695,136.5103
-185.8067,18.64285,138.0742
-183.4271,18.50259,139.4835
-180.9834,18.63505,140.841
-178.419,18.81346,142.5054
-175.9962,18.92395,143.8938
-174.5493,18.94763,143.8776
-174.2976,18.94324,143.7473
-173.9651,18.93508,143.5397
-172.5783,18.68624,142.527
-169.9718,18.00103,140.6424
-168.1732,17.97657,138.4739
-166.8817,18.70869,136.2814
-165.8954,19.3504,134.4272
-165.6729,19.45402,134.0119
-165.6688,19.45511,134.0046
-165.6688,19.45511,134.0046
-165.6688,19.45511,134.0046
-165.6688,19.45511,134.0046
-165.6688,19.45511,134.0046
-165.6688,19.45511,134.0046
-165.6688,19.45511,134.0046
-165.6688,19.45511,134.0046
-165.6688,19.45511,134.0046
-165.5698,19.4824,133.8937
-164.8447,19.64023,133.327
-163.7271,19.78358,133.0561
-162.4059,19.74836,133.1452
-161.1136,19.74395,133.1937
-160.7008,19.6925,133.2645
-160.6897,19.69129,133.2668
-160.6897,19.69129,133.2668
-160.6897,19.69129,133.2668
-160.6897,19.69129,133.2668
-160.6897,19.69129,133.2668
-160.6897,19.69129,133.2668
-160.6897,19.69129,133.2668
-160.6897,19.69129,133.2668
-160.6897,19.69129,133.2668
-160.6897,19.69129,133.2668
-160.6897,19.69129,133.2668
-160.6897,19.69129,133.2668
-160.6897,19.69129,133.2668
-160.6897,19.69129,133.2668
-160.6897,19.69129,133.2668
-160.6897,19.69129,133.2668
-160.6897,19.69129,133.2668
-160.6897,19.69129,133.2668
-160.6897,19.69129,133.2668
-160.6897,19.69129,133.2668
-160.6897,19.69129,133.2668
-160.6897,19.69129,133.2668
-160.6897,19.69129,133.2668
-160.6897,19.69129,133.2668
-160.6897,19.69129,133.2668
-160.6897,19.69129,133.2668
-160.6897,19.69129,133.2668
-160.6897,19.69129,133.2668
-160.6897,19.69129,133.2668
-160.6897,19.69129,133.2668
-160.6897,19.69129,133.2668
-160.6897,19.69129,133.2668
-160.6897,19.69129,133.2668
-160.6897,19.69129,133.2668
-160.6897,19.69129,133.2668
-160.6897,19.69129,133.2668
-160.6897,19.69129,133.2668
-160.6897,19.69129,133.2668
-160.6897,19.69129,133.2668
-160.6897,19.69129,133.2668
-160.6897,19.69129,133.2668
-160.6897,19.69129,133.2668
-160.6897,19.69129,133.2668
-160.6897,19.69129,133.2668
-160.6897,19.69129,133.2668
-160.6897,19.69129,133.2668
-160.6897,19.69129,133.2668
-160.6897,19.69129,133.2668
-160.6897,19.69129,133.2668
-160.6897,19.69129,133.2668
-160.6897,19.69129,133.2668
-160.6897,19.69129,133.2668
-160.6897,19.69129,133.2668
-160.6897,19.69129,133.2668
-160.6897,19.69129,133.2668
-160.6897,19.69129,133.2668
-160.6897,19.69129,133.2668
-160.6897,19.69129,133.2668
-160.6897,19.69129,133.2668
-160.6897,19.69129,133.2668
-160.6897,19.69129,133.2668
-160.6897,19.69129,133.2668
-160.6897,19.69129,133.2668
-160.6897,19.69129,133.2668
-160.6897,19.69129,133.2668
-160.6897,19.69129,133.2668
-160.6897,19.69129,133.2668
-160.6897,19.69129,133.2668
-160.6897,19.69129,133.2668
-160.6897,19.69129,133.2668
-160.6897,19.69129,133.2668
-160.6897,19.69129,133.2668
-160.6897,19.69129,133.2668
-160.6897,19.69129,133.2668
-160.6897,19.69129,133.2668
-160.6897,19.69129,133.2668
-160.6897,19.69129,133.2668
-160.6897,19.69129,133.2668
-160.6897,19.69129,133.2668
-160.6897,19.69129,133.2668
-160.6897,19.69129,133.2668
-160.6897,19.69129,133.2668
-160.6897,19.69129,133.2668
-160.6897,19.69129,133.2668
-160.6897,19.69129,133.2668
-160.6897,19.69129,133.2668
-160.6897,19.69129,133.2668
-160.6897,19.69129,133.2668
-160.6897,19.69129,133.2668
-160.6897,19.69129,133.2668
-160.6897,19.69129,133.2668
-160.6897,19.69129,133.2668
-160.6897,19.69129,133.2668
-160.6897,19.69129,133.2668
-160.6897,19.69129,133.2668
-160.6897,19.69129,133.2668
-160.6897,19.69129,133.2668
-160.6897,19.69129,133.2668
-160.6897,19.69129,133.2668
-160.6897,19.69129,133.2668
-160.6897,19.69129,133.2668
-160.6897,19.69129,133.2668
-160.6897,19.69129,133.2668
-160.6897,19.69129,133.2668
-160.6897,19.69129,133.2668
-160.6897,19.69129,133.2668
-160.6897,19.69129,133.2668
-160.6897,19.69129,133.2668
-160.6897,19.69129,133.2668
-160.6897,19.69129,133.2668
-160.6897,19.69129,133.2668
-160.6357,19.69258,133.3624
-160.1662,19.78518,134.291
-159.2429,19.56826,136.2692
-157.9092,18.85046,139.1239
-156.7299,18.06256,141.6807
-155.5572,17.98608,144.167
-154.1432,17.93542,146.6182
-152.1613,17.95856,149.0621
-150.0379,18.16441,151.0347
-147.5213,18.05834,152.5346
-145.8338,17.9463,153.0361
-144.4128,17.98598,152.9346
-142.1186,18.04601,152.5672
-139.722,18.31838,152.337
-138.0511,18.78463,151.1685
-137.3669,18.80888,150.1882
-136.8984,18.80972,149.3616
-136.6153,18.97663,148.5591
-136.5785,19.01336,148.4873
-136.5785,19.01336,148.4873
-136.5324,19.04358,148.8731
-136.6853,18.88925,149.9633
-136.8758,18.73558,151.5191
-137.1892,18.67056,154.1218
-137.3824,18.86089,156.1808
-137.287,19.48123,156.3432
-137.4547,19.83605,157.3817
-138.0954,19.79687,159.4283
-138.8762,19.35134,162.515
-139.6471,18.51416,165.5535
-140.9012,17.87911,168.229
-140.7124,17.96875,170.7819
-140.376,17.85988,173.4525
-139.7733,17.78713,176.1808
-138.9537,17.6919,179.1908
-137.4385,18.01252,181.4337
-135.8252,18.0479,183.5735
-135.471,17.66955,186.311
-135.5762,17.64054,189.3538
-135.5522,17.74531,190.1602
-135.538,17.75112,190.2247
-135.538,17.75112,190.2247
-135.538,17.75112,190.2247
-135.5536,17.81447,190.6629
-135.9668,18.19272,192.3295
-136.8839,18.41968,194.62
-137.8664,18.83623,197.0109
-139.1049,18.90751,199.5683
-141.1711,19.04506,201.8278
-143.525,19.64478,203.0542
-146.3297,20.2798,203.3913
-148.6554,21.00241,203.4843
-150.6984,20.98643,203.6411
-152.1043,20.7887,203.7269
-152.2609,20.82745,203.9076
-151.7549,20.83323,204.2506
-150.1946,20.95394,205.4046
-147.8221,20.95258,205.6194
-144.8656,20.44409,205.4369
-142.4055,19.65025,204.2084
-140.3914,19.06733,202.5651
-138.4753,18.79598,200.6493
-136.8084,18.5764,198.4191
-135.1525,18.3528,196.1738
-133.1398,17.72382,193.4821
-131.4782,17.54721,191.1698
-129.738,17.71365,188.9382
-127.4055,17.86855,186.8805
-124.9664,17.79718,185.2601
-122.4263,18.21763,184.5072
-119.8808,18.69203,184.2952
-118.6794,18.96868,184.5772
-118.4808,19.01542,184.5974
-117.6926,19.17843,183.7069
-116.2133,19.24141,182.0228
-115.0203,19.40632,179.4504
-114.7958,19.60983,176.9273
-113.9869,19.5182,175.231
-113.9932,19.35256,174.7031
-114.2754,19.12756,174.3208
-115.4905,18.79266,173.0926
-117.0322,18.59082,171.141
-118.4765,18.94234,168.7213
-118.5837,19.06213,167.3846
-118.0984,19.02711,167.1718
-116.4798,18.90871,166.4857
-114.29,18.78613,165.5461
-111.9922,18.81333,164.3634
-109.4743,18.8188,162.5016
-107.7893,18.84317,159.7378
-105.8811,18.92204,157.4313
-103.5643,19.05114,155.6024
-100.9587,18.97462,153.489
-98.65974,19.09232,151.6181
-96.43446,19.16939,149.8042
-94.2212,19.34848,148.1065
-91.90633,19.54453,146.5187
-89.54557,19.64443,144.8385
-86.8121,19.5059,143.0497
-84.1709,19.45582,141.8259
-82.68893,19.42692,141.2328
-82.37467,19.41903,141.3121
-82.37055,19.41892,141.3148
-81.80057,19.93147,141.6739
-80.77811,20.9634,142.3399
-79.53782,21.60909,143.1529
-78.05664,21.86924,144.1344
-76.67137,21.69473,145.0594
-76.68115,21.76343,145.4293
-76.92404,21.53932,145.6713
-77.32655,21.16738,145.6303
-77.43828,20.98587,145.6776
-77.51329,20.96908,145.6662
-77.52275,20.96591,145.6628
-77.52275,20.96591,145.6628
-77.48616,20.97584,145.6731
-77.45041,20.96756,145.6399
-77.41846,20.96963,145.5706
-77.42216,20.9693,145.5593
-77.42216,20.9693,145.5593
-77.745,20.96289,145.4033
-78.68436,20.9464,144.9413
-78.89153,20.94126,144.8441
-78.55588,20.94933,145.0112
-77.51788,21.93767,145.5335
-76.39359,22.81559,146.0982
-75.28705,23.31778,146.6433
-74.92262,23.40302,146.8793
-74.91367,23.39148,146.8869
-74.91367,23.39148,146.8869
-74.83084,23.43438,147.4069
-74.54262,23.44416,148.5965
-74.24722,23.43946,149.8457
-74.37987,23.43039,150.471
-74.43365,23.42941,150.4751
-74.43365,23.42941,150.4751
-74.43365,23.42941,150.4751
-74.44623,23.43916,149.5121
-75.14282,23.49368,147.19
-76.68764,22.92432,144.5463
-78.45187,21.82064,141.5489
-80.05573,20.40528,138.824
-81.71613,19.39503,135.9462
-82.83509,19.40831,133.3235
-83.23289,19.44972,131.1923
-82.79263,19.52747,130.3096
-81.6781,19.54798,129.1033
-79.87289,19.41871,127.5464
-77.60004,19.38833,126.1766
-75.26303,19.82635,126.2245
-73.69543,20.56053,126.6878
-72.31668,20.8725,126.8365
-70.86719,20.81137,126.0401
-69.33023,20.4013,123.9457
-68.84293,20.24813,120.9466
-68.36024,19.70311,117.7744
-68.70201,19.77621,116.1709
-69.06888,19.75631,115.9859
-69.93277,19.63198,116.2486
-71.01768,19.42629,117.0254
-71.78534,19.77355,117.3234
-71.88678,19.86696,117.3335
-71.88678,19.86696,117.3335
-71.74164,19.73436,117.1414
-71.04749,19.44077,116.8478
-69.73505,19.70737,115.7654
-67.99771,19.83574,114.0244
-65.88461,19.86274,112.4905
-63.84976,20.41182,111.8648
-61.99171,20.28992,110.6429
-59.91104,20.41386,109.8882
-57.37355,20.04749,107.868
-55.25229,19.85607,105.915
-53.6115,19.59085,104.9916
-52.54889,19.65693,104.9631
-52.38383,19.6724,104.9716
-52.38383,19.6724,104.9716
-52.38383,19.6724,104.9716
-52.38383,19.6724,104.9716
-52.38383,19.6724,104.9716
-52.38383,19.6724,104.9716
-52.38383,19.6724,104.9716
-52.38383,19.6724,104.9716
-52.38383,19.6724,104.9716
-52.38383,19.6724,104.9716
-52.38383,19.6724,104.9716
-52.38383,19.6724,104.9716
-52.38383,19.6724,104.9716
-52.38383,19.6724,104.9716
-52.38383,19.6724,104.9716
-52.38383,19.6724,104.9716
-52.38383,19.6724,104.9716
-52.38383,19.6724,104.9716
-52.38383,19.6724,104.9716
-52.38383,19.6724,104.9716
-52.38383,19.6724,104.9716
-52.38383,19.6724,104.9716
-52.38383,19.6724,104.9716
-52.38383,19.6724,104.9716
-52.38383,19.6724,104.9716
-52.38383,19.6724,104.9716
-52.38383,19.6724,104.9716
-52.38383,19.6724,104.9716
-52.38383,19.6724,104.9716
-52.38383,19.6724,104.9716
-52.38383,19.6724,104.9716
-52.38383,19.6724,104.9716
-52.38383,19.6724,104.9716
-52.38383,19.6724,104.9716
-52.38383,19.6724,104.9716
-52.38383,19.6724,104.9716
-52.38383,19.6724,104.9716
-52.38383,19.6724,104.9716
-52.38383,19.6724,104.9716
-52.38383,19.6724,104.9716
-52.38383,19.6724,104.9716
-52.38383,19.6724,104.9716
-52.38383,19.6724,104.9716
-52.38383,19.6724,104.9716
-52.38383,19.6724,104.9716
-52.38383,19.6724,104.9716
-52.38383,19.6724,104.9716
-52.38383,19.6724,104.9716
-52.38383,19.6724,104.9716
-52.38383,19.6724,104.9716
-52.38383,19.6724,104.9716
-52.38383,19.6724,104.9716
-52.38383,19.6724,104.9716
-52.38383,19.6724,104.9716
-52.38383,19.6724,104.9716
-52.38383,19.6724,104.9716
-52.38383,19.6724,104.9716
-52.38383,19.6724,104.9716
-52.38383,19.6724,104.9716
-52.38383,19.6724,104.9716
-52.38383,19.6724,104.9716
-52.38383,19.6724,104.9716
-52.38383,19.6724,104.9716
-52.38383,19.6724,104.9716
-52.38383,19.6724,104.9716
-52.38383,19.6724,104.9716
-52.38383,19.6724,104.9716
-52.38383,19.6724,104.9716
-52.38383,19.6724,104.9716
-52.38383,19.6724,104.9716
-52.38383,19.6724,104.9716
-52.38383,19.6724,104.9716
-52.38383,19.6724,104.9716
-52.38383,19.6724,104.9716
-52.38383,19.6724,104.9716
-52.38383,19.6724,104.9716
-52.38383,19.6724,104.9716
-52.38383,19.6724,104.9716
-52.38383,19.6724,104.9716
-52.38383,19.6724,104.9716
-52.38383,19.6724,104.9716
-52.38383,19.6724,104.9716
-52.38383,19.6724,104.9716
-52.38383,19.6724,104.9716
-52.38383,19.6724,104.9716
-52.38383,19.6724,104.9716
-52.38383,19.6724,104.9716
-52.38383,19.6724,104.9716
-52.38383,19.6724,104.9716
-52.38383,19.6724,104.9716
-52.38383,19.6724,104.9716
-52.38383,19.6724,104.9716
-52.38383,19.6724,104.9716
-52.38383,19.6724,104.9716
-52.38383,19.6724,104.9716
-52.38383,19.6724,104.9716
-52.38383,19.6724,104.9716
-52.38383,19.6724,104.9716
-52.38383,19.6724,104.9716
-52.38383,19.6724,104.9716
-52.38383,19.6724,104.9716
-52.38383,19.6724,104.9716
-52.38383,19.6724,104.9716
-52.38383,19.6724,104.9716
-52.38383,19.6724,104.9716
-52.38383,19.6724,104.9716
-52.38383,19.6724,104.9716
-52.38383,19.6724,104.9716
-52.38383,19.6724,104.9716
-52.38383,19.6724,104.9716
-52.38383,19.6724,104.9716
-52.38383,19.6724,104.9716
-52.38383,19.6724,104.9716
-52.38383,19.6724,104.9716
-52.38383,19.6724,104.9716
-52.38383,19.6724,104.9716
-52.38383,19.6724,104.9716
-52.38383,19.6724,104.9716
-52.38383,19.6724,104.9716
-52.38383,19.6724,104.9716
-52.38383,19.6724,104.9716
-52.38383,19.6724,104.9716
-52.38383,19.6724,104.9716
-52.38383,19.6724,104.9716
-52.38383,19.6724,104.9716
-52.38383,19.6724,104.9716
-52.38383,19.6724,104.9716
-52.38383,19.6724,104.9716
-52.38383,19.6724,104.9716
-52.38383,19.6724,104.9716
-52.38383,19.6724,104.9716
-52.38383,19.6724,104.9716
-52.38383,19.6724,104.9716
-52.38383,19.6724,104.9716
-52.38383,19.6724,104.9716
-52.38383,19.6724,104.9716
-52.38383,19.6724,104.9716
-52.38383,19.6724,104.9716
-52.38383,19.6724,104.9716
-52.38383,19.6724,104.9716
-52.38383,19.6724,104.9716
-52.38383,19.6724,104.9716
-52.38383,19.6724,104.9716
-52.38383,19.6724,104.9716
-52.38383,19.6724,104.9716
-52.38383,19.6724,104.9716
-52.38383,19.6724,104.9716
-52.38383,19.6724,104.9716
-52.38383,19.6724,104.9716
-52.38383,19.6724,104.9716
-52.38383,19.6724,104.9716
-52.38383,19.6724,104.9716
-52.38383,19.6724,104.9716
-52.38383,19.6724,104.9716
-52.38383,19.6724,104.9716
-52.38383,19.6724,104.9716
-52.38383,19.6724,104.9716
-52.38383,19.6724,104.9716
-52.38383,19.6724,104.9716
-52.38383,19.6724,104.9716
-52.38383,19.6724,104.9716
-52.38383,19.6724,104.9716
-52.38383,19.6724,104.9716
-52.38383,19.6724,104.9716
-52.38383,19.6724,104.9716
-52.38383,19.6724,104.9716
-52.38383,19.6724,104.9716
-52.38383,19.6724,104.9716
-52.38383,19.6724,104.9716
-52.38383,19.6724,104.9716
-52.38383,19.6724,104.9716
-52.38383,19.6724,104.9716
-52.38383,19.6724,104.9716
-52.38383,19.6724,104.9716
-52.38383,19.6724,104.9716
-52.38383,19.6724,104.9716
-52.38383,19.6724,104.9716
-52.38383,19.6724,104.9716
-52.38383,19.6724,104.9716
-52.38383,19.6724,104.9716
-52.38383,19.6724,104.9716
-52.38383,19.6724,104.9716
-52.38383,19.6724,104.9716
-52.38383,19.6724,104.9716
-52.38383,19.6724,104.9716
-52.38383,19.6724,104.9716
-52.38383,19.6724,104.9716
-52.38383,19.6724,104.9716
-52.38383,19.6724,104.9716
-52.38383,19.6724,104.9716
-52.38383,19.6724,104.9716
-52.38383,19.6724,104.9716
-52.38383,19.6724,104.9716
-52.38383,19.6724,104.9716
-52.38383,19.6724,104.9716
-52.38383,19.6724,104.9716
-52.38383,19.6724,104.9716
-52.38383,19.6724,104.9716
-52.38383,19.6724,104.9716
-52.38383,19.6724,104.9716
-52.38383,19.6724,104.9716
-52.38383,19.6724,104.9716
-52.38383,19.6724,104.9716
-52.38383,19.6724,104.9716
-52.38383,19.6724,104.9716
-52.38383,19.6724,104.9716
-52.38383,19.6724,104.9716
-52.38383,19.6724,104.9716
-52.38383,19.6724,104.9716
-52.38383,19.6724,104.9716
-52.38383,19.6724,104.9716
-52.38383,19.6724,104.9716
-52.38383,19.6724,104.9716
-52.38383,19.6724,104.9716
-52.38383,19.6724,104.9716
-52.38383,19.6724,104.9716
-52.38383,19.6724,104.9716
-52.38383,19.6724,104.9716
-52.38383,19.6724,104.9716
-52.38383,19.6724,104.9716
-52.38383,19.6724,104.9716
-52.38383,19.6724,104.9716
-52.38383,19.6724,104.9716
-52.38383,19.6724,104.9716
-52.38383,19.6724,104.9716
-52.38383,19.6724,104.9716
-52.38383,19.6724,104.9716
-52.38383,19.6724,104.9716
-52.38383,19.6724,104.9716
-52.38383,19.6724,104.9716
-52.38383,19.6724,104.9716
-52.38383,19.6724,104.9716
-52.38383,19.6724,104.9716
-52.38383,19.6724,104.9716
-52.38383,19.6724,104.9716
-52.38383,19.6724,104.9716
-52.38383,19.6724,104.9716
-52.38383,19.6724,104.9716
-52.38383,19.6724,104.9716
-52.38383,19.6724,104.9716
-52.38383,19.6724,104.9716
-52.38383,19.6724,104.9716
-52.38383,19.6724,104.9716
-52.38383,19.6724,104.9716
-52.38383,19.6724,104.9716
-52.38383,19.6724,104.9716
-52.38383,19.6724,104.9716
-52.38383,19.6724,104.9716
-52.38383,19.6724,104.9716
-52.38383,19.6724,104.9716
-52.38383,19.6724,104.9716
-52.38383,19.6724,104.9716
-52.38383,19.6724,104.9716
-52.38383,19.6724,104.9716
-52.38383,19.6724,104.9716
-52.38383,19.6724,104.9716
-52.38383,19.6724,104.9716
-52.38383,19.6724,104.9716
-52.38383,19.6724,104.9716
-52.38383,19.6724,104.9716
-52.38383,19.6724,104.9716
-52.38383,19.6724,104.9716
-52.38383,19.6724,104.9716
-52.38383,19.6724,104.9716
-52.38383,19.6724,104.9716
-52.38383,19.6724,104.9716
-52.38383,19.6724,104.9716
-52.38383,19.6724,104.9716
-52.38383,19.6724,104.9716
-52.38383,19.6724,104.9716
-52.38383,19.6724,104.9716
-52.38383,19.6724,104.9716
-52.38383,19.6724,104.9716
-52.38383,19.6724,104.9716
-52.38383,19.6724,104.9716
-52.38383,19.6724,104.9716
-52.38383,19.6724,104.9716
-52.38383,19.6724,104.9716
-52.38383,19.6724,104.9716
-52.38383,19.6724,104.9716
-52.38383,19.6724,104.9716
-52.38383,19.6724,104.9716
-52.38383,19.6724,104.9716
-52.38383,19.6724,104.9716
-52.38383,19.6724,104.9716
-52.38383,19.6724,104.9716
-52.38383,19.6724,104.9716
-52.38383,19.6724,104.9716
-52.38383,19.6724,104.9716
-52.38383,19.6724,104.9716
-52.38383,19.6724,104.9716
-52.38383,19.6724,104.9716
-52.38383,19.6724,104.9716
-52.38383,19.6724,104.9716
-52.38383,19.6724,104.9716
-52.38383,19.6724,104.9716
-52.38383,19.6724,104.9716
-52.38383,19.6724,104.9716
-52.38383,19.6724,104.9716
-52.38383,19.6724,104.9716
-52.38383,19.6724,104.9716
-52.38383,19.6724,104.9716
-52.38383,19.6724,104.9716
-52.38383,19.6724,104.9716
-52.38383,19.6724,104.9716
-52.38383,19.6724,104.9716
-52.38383,19.6724,104.9716
-52.38383,19.6724,104.9716
-52.38383,19.6724,104.9716
-52.38383,19.6724,104.9716
-52.38383,19.6724,104.9716
-52.38383,19.6724,104.9716
-52.38383,19.6724,104.9716
-52.38383,19.6724,104.9716
-52.38383,19.6724,104.9716
-52.38383,19.6724,104.9716
-52.38383,19.6724,104.9716
-52.38383,19.6724,104.9716
-52.38383,19.6724,104.9716
-52.38383,19.6724,104.9716
-52.38383,19.6724,104.9716
-52.38383,19.6724,104.9716
-52.38383,19.6724,104.9716
-52.38383,19.6724,104.9716
-52.38383,19.6724,104.9716
-52.38383,19.6724,104.9716
-52.38383,19.6724,104.9716
-52.38383,19.6724,104.9716
-52.38383,19.6724,104.9716
-52.38383,19.6724,104.9716
-52.38383,19.6724,104.9716
-52.38383,19.6724,104.9716
-52.38383,19.6724,104.9716
-52.38383,19.6724,104.9716
-52.38383,19.6724,104.9716
-52.38383,19.6724,104.9716
-52.38383,19.6724,104.9716
-52.38383,19.6724,104.9716
-52.38383,19.6724,104.9716
-52.38383,19.6724,104.9716
-52.38383,19.6724,104.9716
-52.38383,19.6724,104.9716
-52.38383,19.6724,104.9716
-52.38383,19.6724,104.9716
-52.38383,19.6724,104.9716
-52.38383,19.6724,104.9716
-52.38383,19.6724,104.9716
-52.38383,19.6724,104.9716
-52.38383,19.6724,104.9716
-52.38383,19.6724,104.9716
-52.38383,19.6724,104.9716
-52.38383,19.6724,104.9716
-52.38383,19.6724,104.9716
-52.38383,19.6724,104.9716
-52.38383,19.6724,104.9716
-52.38383,19.6724,104.9716
-52.38383,19.6724,104.9716
-52.38383,19.6724,104.9716
-52.38383,19.6724,104.9716
-52.38383,19.6724,104.9716
-52.38383,19.6724,104.9716
-52.38383,19.6724,104.9716
-52.38383,19.6724,104.9716
-52.38383,19.6724,104.9716
-52.38383,19.6724,104.9716
-52.38383,19.6724,104.9716
-52.38383,19.6724,104.9716
-52.38383,19.6724,104.9716
-52.38383,19.6724,104.9716
-52.38383,19.6724,104.9716
-52.38383,19.6724,104.9716
-52.38383,19.6724,104.9716
-52.38383,19.6724,104.9716
-52.38383,19.6724,104.9716
-52.38383,19.6724,104.9716
-52.38383,19.6724,104.9716
-52.38383,19.6724,104.9716
-52.38383,19.6724,104.9716
-52.38383,19.6724,104.9716
-52.38383,19.6724,104.9716
-52.38383,19.6724,104.9716
-52.38383,19.6724,104.9716
-52.38383,19.6724,104.9716
-52.38383,19.6724,104.9716
-52.38383,19.6724,104.9716
-52.38383,19.6724,104.9716
-52.38383,19.6724,104.9716
-52.38383,19.6724,104.9716
-52.38383,19.6724,104.9716
-52.38383,19.6724,104.9716
-52.38383,19.6724,104.9716
-52.38383,19.6724,104.9716
-52.38383,19.6724,104.9716
-52.38383,19.6724,104.9716
-52.38383,19.6724,104.9716
-52.38383,19.6724,104.9716
-52.38383,19.6724,104.9716
-52.38383,19.6724,104.9716
-52.38383,19.6724,104.9716
-52.38383,19.6724,104.9716
-52.38383,19.6724,104.9716
-52.38383,19.6724,104.9716
-52.38383,19.6724,104.9716
-52.38383,19.6724,104.9716
-52.38383,19.6724,104.9716
-52.38383,19.6724,104.9716
-52.38383,19.6724,104.9716
-52.38383,19.6724,104.9716
-52.38383,19.6724,104.9716
-52.38383,19.6724,104.9716
-52.38383,19.6724,104.9716
-52.38383,19.6724,104.9716
-52.38383,19.6724,104.9716
-52.38383,19.6724,104.9716
-52.38383,19.6724,104.9716
-52.38383,19.6724,104.9716
-52.38383,19.6724,104.9716
-52.38383,19.6724,104.9716
-52.38383,19.6724,104.9716
-52.38383,19.6724,104.9716
-52.38383,19.6724,104.9716
-52.38383,19.6724,104.9716
-52.38383,19.6724,104.9716
-52.38383,19.6724,104.9716
-52.38383,19.6724,104.9716
-52.38383,19.6724,104.9716
-52.38383,19.6724,104.9716
-52.38383,19.6724,104.9716
-52.38383,19.6724,104.9716
-52.38383,19.6724,104.9716
-52.38383,19.6724,104.9716
-52.38383,19.6724,104.9716
-52.38383,19.6724,104.9716
-52.38383,19.6724,104.9716
-52.38383,19.6724,104.9716
-52.38383,19.6724,104.9716
-52.38383,19.6724,104.9716
-52.38383,19.6724,104.9716
-52.38383,19.6724,104.9716
-52.38383,19.6724,104.9716
-52.38383,19.6724,104.9716
-52.38383,19.6724,104.9716
-52.38383,19.6724,104.9716
-52.38383,19.6724,104.9716
-52.38383,19.6724,104.9716
-52.38383,19.6724,104.9716
-52.38383,19.6724,104.9716
-52.38383,19.6724,104.9716
-52.38383,19.6724,104.9716
-52.38383,19.6724,104.9716
-52.38383,19.6724,104.9716
-52.38383,19.6724,104.9716
-52.38383,19.6724,104.9716
-52.38383,19.6724,104.9716
-52.38383,19.6724,104.9716
-52.38383,19.6724,104.9716
-52.38383,19.6724,104.9716
-52.38383,19.6724,104.9716
-52.38383,19.6724,104.9716
-52.38383,19.6724,104.9716
-52.38383,19.6724,104.9716
-52.38383,19.6724,104.9716
-52.38383,19.6724,104.9716
-52.38383,19.6724,104.9716
-52.38383,19.6724,104.9716
-52.38383,19.6724,104.9716
-52.38383,19.6724,104.9716
-52.38383,19.6724,104.9716
-52.38383,19.6724,104.9716
-52.38383,19.6724,104.9716
-52.38383,19.6724,104.9716
-52.38383,19.6724,104.9716
-52.38383,19.6724,104.9716
-52.38383,19.6724,104.9716
-52.38383,19.6724,104.9716
-52.38383,19.6724,104.9716
-52.38383,19.6724,104.9716
-52.38383,19.6724,104.9716
-52.38383,19.6724,104.9716
-52.38383,19.6724,104.9716
-52.38383,19.6724,104.9716
-52.38383,19.6724,104.9716
-52.38383,19.6724,104.9716
-52.38383,19.6724,104.9716
-52.38383,19.6724,104.9716
-52.38383,19.6724,104.9716
-52.38383,19.6724,104.9716
-52.38383,19.6724,104.9716
-52.38383,19.6724,104.9716
-52.38383,19.6724,104.9716
-52.38383,19.6724,104.9716
-52.38383,19.6724,104.9716
-52.38383,19.6724,104.9716
-52.38383,19.6724,104.9716
-52.38383,19.6724,104.9716
-52.38383,19.6724,104.9716
-52.38383,19.6724,104.9716
-52.38383,19.6724,104.9716
-52.38383,19.6724,104.9716
-52.38383,19.6724,104.9716
-52.38383,19.6724,104.9716
-52.38383,19.6724,104.9716
-52.38383,19.6724,104.9716
-52.38383,19.6724,104.9716
-52.38383,19.6724,104.9716
-52.38383,19.6724,104.9716
-52.38383,19.6724,104.9716
-52.38383,19.6724,104.9716
-52.38383,19.6724,104.9716
-52.38383,19.6724,104.9716
-52.38383,19.6724,104.9716
-52.38383,19.6724,104.9716
-52.38383,19.6724,104.9716
-52.38383,19.6724,104.9716
-52.38383,19.6724,104.9716
-52.38383,19.6724,104.9716
-52.38383,19.6724,104.9716
-52.38383,19.6724,104.9716
-52.38383,19.6724,104.9716
-52.38383,19.6724,104.9716
-52.38383,19.6724,104.9716
-52.38383,19.6724,104.9716
-52.38383,19.6724,104.9716
-52.38383,19.6724,104.9716
-52.38383,19.6724,104.9716
-52.38383,19.6724,104.9716
-52.38383,19.6724,104.9716
-52.38383,19.6724,104.9716
-52.38383,19.6724,104.9716
-52.38383,19.6724,104.9716
-52.38383,19.6724,104.9716
-52.38383,19.6724,104.9716
-52.38383,19.6724,104.9716
-52.38383,19.6724,104.9716
-52.38383,19.6724,104.9716
-52.38383,19.6724,104.9716
-52.38383,19.6724,104.9716
-52.38383,19.6724,104.9716
-52.38383,19.6724,104.9716
-52.38383,19.6724,104.9716
-52.38383,19.6724,104.9716
-52.38383,19.6724,104.9716
-52.38383,19.6724,104.9716
-52.38383,19.6724,104.9716
-52.38383,19.6724,104.9716
-52.38383,19.6724,104.9716
-52.38383,19.6724,104.9716
-52.38383,19.6724,104.9716
-52.38383,19.6724,104.9716
-52.38383,19.6724,104.9716
-52.38383,19.6724,104.9716
-52.38383,19.6724,104.9716
-52.38383,19.6724,104.9716
-52.38383,19.6724,104.9716
-52.38383,19.6724,104.9716
-52.38383,19.6724,104.9716
-52.38383,19.6724,104.9716
