-199.4256,19.47148,130.985
-199.4164,19.43413,130.9817
-199.4164,19.43413,130.9817
-199.4164,19.43413,130.9817
-199.4164,19.43413,130.9817
-199.4164,19.43413,130.9817
-199.4164,19.43413,130.9817
-199.4164,19.43413,130.9817
-199.4164,19.43413,130.9817
-199.4164,19.43413,130.9817
-199.4164,19.43413,130.9817
-199.4164,19.43413,130.9817
-199.4164,19.43413,130.9817
-199.4164,19.43413,130.9817
-199.4164,19.43413,130.9817
-199.4164,19.43413,130.9817
-199.4164,19.43413,130.9817
-199.4164,19.43413,130.9817
-199.4164,19.43413,130.9817
-199.4164,19.43413,130.9817
-199.4164,19.43413,130.9817
-199.4164,19.43413,130.9817
-199.4164,19.43413,130.9817
-199.4164,19.43413,130.9817
-199.4164,19.43413,130.9817
-199.4164,19.43413,130.9817
-199.4164,19.43413,130.9817
-199.4164,19.43413,130.9817
-199.4164,19.43413,130.9817
-199.4164,19.43413,130.9817
-199.4164,19.43413,130.9817
-199.4164,19.43413,130.9817
-199.4164,19.43413,130.9817
-199.4164,19.43413,130.9817
-199.4164,19.43413,130.9817
-199.4164,19.43413,130.9817
-199.4164,19.43413,130.9817
-199.4164,19.43413,130.9817
-199.4164,19.43413,130.9817
-199.4164,19.43413,130.9817
-199.4164,19.43413,130.9817
-199.4164,19.43413,130.9817
-199.4164,19.43413,130.9817
-199.4164,19.43413,130.9817
-199.4164,19.43413,130.9817
-199.4164,19.43413,130.9817
-199.4164,19.43413,130.9817
-199.4164,19.43413,130.9817
-199.4164,19.43413,130.9817
-199.4164,19.43413,130.9817
-199.4164,19.43413,130.9817
-199.4164,19.43413,130.9817
-199.4164,19.43413,130.9817
-199.4164,19.43413,130.9817
-199.4164,19.43413,130.9817
-199.4164,19.43413,130.9817
-199.4164,19.43413,130.9817
-199.4164,19.43413,130.9817
-199.4164,19.43413,130.9817
-199.4164,19.43413,130.9817
-199.4164,19.43413,130.9817
-199.4164,19.43413,130.9817
-199.4164,19.43413,130.9817
-199.4164,19.43413,130.9817
-199.4164,19.43413,130.9817
-199.4164,19.43413,130.9817
-199.4164,19.43413,130.9817
-199.4164,19.43413,130.9817
-199.4164,19.43413,130.9817
-199.4164,19.43413,130.9817
-199.4164,19.43413,130.9817
-199.4164,19.43413,130.9817
-199.4164,19.43413,130.9817
-199.4164,19.43413,130.9817
-199.4164,19.43413,130.9817
-199.4164,19.43413,130.9817
-199.4164,19.43413,130.9817
-199.4164,19.43413,130.9817
-199.4164,19.43413,130.9817
-199.4164,19.43413,130.9817
-199.4164,19.43413,130.9817
-199.4164,19.43413,130.9817
-199.4164,19.43413,130.9817
-199.4164,19.43413,130.9817
-199.4164,19.43413,130.9817
-199.4164,19.43413,130.9817
-199.4164,19.43413,130.9817
-199.4164,19.43413,130.9817
-199.4164,19.43413,130.9817
-199.4164,19.43413,130.9817
-199.4164,19.43413,130.9817
-199.4164,19.43413,130.9817
-199.4164,19.43413,130.9817
-199.4164,19.43413,130.9817
-199.4164,19.43413,130.9817
-199.4164,19.43413,130.9817
-199.4164,19.43413,130.9817
-199.4164,19.43413,130.9817
-199.4164,19.43413,130.9817
-199.4164,19.43413,130.9817
-199.4164,19.43413,130.9817
-199.4164,19.43413,130.9817
-199.4164,19.43413,130.9817
-199.4164,19.43413,130.9817
-199.4164,19.43413,130.9817
-199.4164,19.43413,130.9817
-199.4164,19.43413,130.9817
-199.4164,19.43413,130.9817
-199.4164,19.43413,130.9817
-199.4164,20.41287,130.9817
-199.4164,21.34857,130.9817
-199.4164,21.78719,130.9817
-199.4164,21.81645,130.9817
-199.4164,21.37091,130.9817
-199.4164,20.45056,130.9817
-199.3734,19.40579,130.9661
-198.8056,19.33179,130.7921
-197.6674,19.10206,130.4274
-196.5259,18.80885,130.0614
-196.0539,18.73572,129.8971
-196.0434,18.73359,129.8915
-196.0096,18.74457,129.9888
-195.715,18.86961,131.0591
-195.4527,18.97202,131.9517
-195.3002,18.96314,131.9996
-194.4256,18.80892,131.6257
-193.1669,18.57703,131.0857
-191.9033,18.34933,130.5767
-190.4438,18.28914,130.1127
-188.974,18.36809,129.6749
-187.6472,18.46349,129.3042
-186.182,18.60743,128.9938
-184.7424,18.78198,128.6761
-183.3185,18.96054,128.3275
-181.8973,19.13882,127.9791
-180.6057,19.3006,127.664
-179.1735,19.47186,127.3619
-177.7254,19.63243,127.1296
-176.391,19.74362,127.0301
-174.859,19.70934,127.0171
-173.2954,19.69624,127.1477
-171.7216,19.68337,127.2907
-170.3132,19.67652,127.5842
-168.9275,19.67258,127.9724
-167.4898,19.67552,128.6241
-166.1276,19.68352,129.4268
-164.7877,19.69274,130.2644
-163.6608,19.70569,131.1531
-162.4714,19.72217,132.1911
-161.4171,19.74382,133.3608
-160.5748,19.77187,134.5191
-159.6293,19.61749,135.7792
-158.7828,19.23179,137.0819
-158.1572,18.93008,138.2989
-157.5165,18.59307,139.64
-156.9458,18.24266,141.0041
-156.3943,17.97336,142.3756
-155.8469,17.98254,143.6511
-155.2149,17.97054,145.0819
-154.5997,17.94097,146.517
-154.3118,17.92661,147.2185
-154.2969,17.92587,147.2547
-154.2969,17.92587,147.2547
-154.1272,17.9174,147.6692
-153.907,17.90639,148.2075
-153.8993,17.90601,148.2263
-153.8993,17.90601,148.2263
-153.8993,17.90601,148.2263
-153.8993,17.90601,148.2263
-153.8993,17.90601,148.2263
-153.8993,17.90601,148.2263
-153.8993,17.90601,148.2263
-153.8993,17.90601,148.2263
-153.8993,17.90601,148.2263
-153.8993,17.90601,148.2263
-153.8993,17.90601,148.2263
-153.8993,17.90601,148.2263
-153.8993,17.90601,148.2263
-153.8993,17.90601,148.2263
-153.8993,17.90601,148.2263
-153.8993,17.90601,148.2263
-153.8993,17.90601,148.2263
-153.8993,17.90601,148.2263
-153.8993,17.90601,148.2263
-153.8993,17.90601,148.2263
-153.8993,17.90601,148.2263
-153.8993,17.90601,148.2263
-153.8993,17.90601,148.2263
-153.8993,17.90601,148.2263
-153.8993,17.90601,148.2263
-153.8993,17.90601,148.2263
-153.8993,17.90601,148.2263
-153.8993,17.90601,148.2263
-153.8993,17.90601,148.2263
-153.8993,17.90601,148.2263
-153.8993,17.90601,148.2263
-153.8993,17.90601,148.2263
-153.8993,17.90601,148.2263
-153.8993,17.90601,148.2263
-153.8993,17.90601,148.2263
-153.8993,17.90601,148.2263
-153.8993,17.90601,148.2263
-153.8993,17.90601,148.2263
-153.8993,17.90601,148.2263
-153.8993,17.90601,148.2263
-153.8993,17.90601,148.2263
-153.8993,17.90601,148.2263
-153.8993,17.90601,148.2263
-153.8993,17.90601,148.2263
-153.8993,17.90601,148.2263
-153.8993,17.90601,148.2263
-153.8993,17.90601,148.2263
-153.8993,17.90601,148.2263
-153.8993,17.90601,148.2263
-153.8993,17.90601,148.2263
-153.8993,17.90601,148.2263
-153.8993,17.90601,148.2263
-153.8993,17.90601,148.2263
-153.8993,17.90601,148.2263
-153.8993,17.90601,148.2263
-153.8993,17.90601,148.2263
-153.8993,17.90601,148.2263
-153.8993,17.90601,148.2263
-153.8993,17.90601,148.2263
-153.8993,17.90601,148.2263
-153.8993,17.90601,148.2263
-153.8993,17.90601,148.2263
-153.8993,17.90601,148.2263
-153.8993,17.90601,148.2263
-153.8993,17.90601,148.2263
-153.8993,17.90601,148.2263
-153.8993,17.90601,148.2263
-153.8993,17.90601,148.2263
-153.8993,17.90601,148.2263
-153.8993,17.90601,148.2263
-153.8993,17.90601,148.2263
-153.8993,17.90601,148.2263
-153.8993,17.90601,148.2263
-153.8993,17.90601,148.2263
-153.8993,17.90601,148.2263
-153.8993,17.90601,148.2263
-153.8993,17.90601,148.2263
-153.8993,17.90601,148.2263
-153.8409,17.90284,148.3838
-153.4834,17.88342,149.3486
-153.0039,17.90036,150.672
-152.6386,17.93731,151.7056
-152.5326,17.8736,151.9334
-152.4237,17.86645,152.0614
-151.7947,17.83004,152.7233
-150.8003,17.81713,153.6933
-149.7896,17.77062,154.6264
-148.4246,17.78411,155.3686
-146.9686,17.80608,155.9526
-145.562,17.82281,156.6398
-144.4395,17.81596,157.7417
-143.5777,17.79905,158.8909
-142.8524,17.77133,160.1357
-142.1264,17.86246,161.4839
-141.5728,17.73728,162.778
-140.9923,17.76366,164.2324
-140.4901,17.79343,165.7207
-140.0119,17.82416,167.2183
-139.5386,17.82384,168.6995
-139.3017,17.77304,170.1001
-139.1276,17.74801,171.6604
-138.9336,17.72181,173.0763
-138.7215,17.71035,174.6281
-138.6457,17.72114,176.1408
-138.6317,17.71683,177.6332
-138.6361,17.70869,178.9842
-138.6472,17.69822,180.4682
-138.6477,17.69109,181.8166
-138.6109,17.66876,183.296
-138.2353,17.70688,184.7096
-137.3549,17.65148,185.9128
-136.4008,17.57785,187.0812
-135.5721,17.52196,188.1764
-134.4865,17.53399,189.0133
-133.2707,17.51172,189.8943
-131.804,17.56397,190.2215
-130.3145,17.65309,189.832
-128.9236,17.74749,189.1498
-128.353,18.12436,188.3779
-128.3764,18.07553,187.6799
-128.3256,17.84883,187.1235
-128.3251,17.84985,187.0957
-128.3251,18.11808,187.0957
-128.3251,19.22378,187.0957
-128.3251,19.98683,187.0957
-128.3251,20.27507,187.0957
-128.3251,20.08851,187.0957
-128.3251,19.42715,187.0957
-128.3251,18.41389,187.0957
-128.3651,17.84704,187.1015
-128.3651,17.84704,187.1015
-128.3651,17.84704,187.1015
-127.9073,17.85561,186.8157
-126.8184,17.83521,186.2164
-125.6142,17.80813,185.6366
-124.2125,17.83802,185.0246
-122.8696,18.08072,184.4504
-121.5738,18.30246,183.8906
-120.4089,18.59801,183.4579
-119.0912,18.92577,183.1379
-117.9017,19.16214,182.4938
-116.9879,19.15325,181.4896
-115.9763,19.23178,180.3488
-115.0816,19.34222,179.312
-114.814,19.61835,178.1645
-115.0291,19.41845,177.0044
-114.7347,19.45789,176.5119
-114.2277,19.583,175.8936
-113.686,19.70904,175.211
-113.208,19.75627,174.4242
-112.9953,19.74449,173.6244
-112.9799,19.32935,172.4725
-112.9866,18.9788,171.2504
-112.5369,18.69859,169.9522
-112.0013,18.67778,168.5756
-111.3801,18.66976,167.1738
-110.7773,18.66638,165.8991
-110.375,18.7143,164.5412
-109.5959,18.81017,163.2904
-108.701,18.97033,162.3104
-107.548,18.7855,161.2031
-106.4039,18.93041,160.1698
-105.3802,19.00358,159.247
-104.2898,19.1778,158.2387
-103.1208,18.99622,157.2856
-102.0104,18.98167,156.4564
-100.778,18.94305,155.5761
-99.65504,18.94087,154.7294
-98.48788,18.95916,153.7095
-97.42479,18.9884,152.5785
-96.41427,19.11745,151.4682
-95.4851,19.27706,150.4788
-94.44688,19.42277,149.4518
-93.42087,19.38402,148.5153
-92.35855,19.57865,147.4874
-91.40147,19.62901,146.971
-90.44424,19.69321,146.6868
-89.04861,19.58202,146.4771
-87.5085,19.4956,146.4846
-85.931,19.43164,146.493
-84.49856,19.39929,146.6425
-83.10829,19.36569,146.8915
-82.48042,19.37464,146.9951
-82.46056,19.37566,146.9944
-82.46056,19.37566,146.9944
-82.46056,19.37566,146.9944
-82.46056,19.37566,146.9944
-82.46056,19.37566,146.9944
-82.46056,19.37566,146.9944
-82.29131,19.39999,147.1106
-81.55909,19.50526,147.6134
-80.43719,20.34697,148.368
-79.19303,21.35539,149.1788
-77.87408,21.8653,149.9654
-76.32864,21.97573,150.8479
-75.62294,21.40693,152.1424
-75.40681,20.48056,153.504
-75.24789,20.29001,153.9576
-75.24789,20.29001,153.9576
-75.24789,20.29001,153.9576
-75.24789,20.29001,153.9576
-75.24789,20.29001,153.9576
-75.24789,20.29001,153.9576
-75.24789,20.29001,153.9576
-75.3479,20.1987,153.7036
-75.78448,20.05159,153.1142
-76.36131,19.88207,152.3438
-77.07343,19.57453,151.5395
-77.90142,19.5217,150.6066
-79.09775,19.50572,149.7742
-80.37825,19.5211,149.2777
-81.7521,19.68322,148.7236
-83.08583,19.59648,148.987
-83.39407,19.66864,149.0624
-83.39407,19.66864,149.0624
-83.39407,19.66864,149.0624
-83.39407,19.66864,149.0624
-83.39407,19.66864,149.0624
-83.19759,19.6372,149.1346
-82.52745,20.30468,149.7304
-81.74883,21.28236,150.7225
-80.79617,21.87706,152.1042
-79.81031,21.98981,153.5885
-78.56154,21.96569,154.5049
-77.38022,21.77626,154.5208
-76.19002,21.19443,154.4894
-75.16278,20.19123,153.8171
-74.93347,21.27346,153.2901
-74.85229,22.2493,153.0675
-74.76402,22.86951,152.8265
-74.74976,23.01492,152.7924
-74.78851,22.73508,152.896
-74.87695,21.97405,153.1476
-74.95737,20.87017,153.3763
-75.00142,20.03396,153.5833
-75.00142,20.03396,153.5833
-75.00142,20.03396,153.5833
-75.00142,20.03396,153.5833
-75.00142,20.03396,153.5833
-75.01019,20.0344,153.5783
-75.38821,20.05056,153.3679
-76.12252,20.03309,152.8573
-76.86176,19.7601,152.135
-77.89069,19.56577,151.3118
-79.06654,19.50888,150.3787
-80.15178,19.5904,149.5854
-81.22871,19.57299,148.528
-82.33498,19.5522,147.7431
-83.8369,19.36891,147.3831
-85.36355,19.40833,147.0478
-86.85793,19.46336,146.6219
-88.14426,19.55156,147.1223
-88.74583,19.59826,147.5282
-88.76842,19.60002,147.5437
-88.76842,19.60002,147.5437
-88.76842,19.60002,147.5437
-88.84447,19.6067,147.6194
-89.44214,19.68509,148.1489
-90.4406,19.85621,148.936
-91.46268,20.0218,149.683
-92.67217,19.64522,150.6281
-93.95552,19.44417,151.5008
-95.33638,19.27407,152.1857
-96.78297,19.10911,152.7392
-98.20619,18.96079,153.2293
-99.5116,18.93542,153.7459
-100.9362,18.94972,154.3964
-102.1605,18.9816,155.1298
-103.3166,19.0791,156.1466
-104.5385,18.95327,157.1965
-105.7538,19.04922,158.0996
-106.9179,18.85525,159.0141
-108.131,18.90358,160.0061
-109.3571,18.67682,161.0293
-110.4801,18.72181,161.9031
-111.6373,18.77317,162.8792
-112.6562,18.96514,163.9538
-113.7002,18.75751,165.0937
-114.6635,18.6816,166.1559
-115.6799,18.73716,167.2941
-116.243,18.76284,167.9691
-117.0448,18.77276,168.9115
-117.5297,18.77756,169.4971
-117.5673,18.77691,169.5551
-117.5673,18.77691,169.5551
-117.5673,18.77691,169.5551
-117.5673,18.77691,169.5551
-117.5673,18.77691,169.5551
-117.5673,18.77691,169.5551
-117.5673,18.77691,169.5551
-117.5673,18.77691,169.5551
-117.5673,18.77691,169.5551
-117.5673,18.77691,169.5551
-117.5673,18.77691,169.5551
-117.5673,18.77691,169.5551
-117.5673,18.77691,169.5551
-117.5673,18.77691,169.5551
-117.5673,18.77691,169.5551
-117.5673,18.77691,169.5551
-117.5673,18.77691,169.5551
-117.5673,18.77691,169.5551
-117.5673,18.77691,169.5551
-117.5673,18.77691,169.5551
-117.5673,18.77691,169.5551
-117.5673,18.77691,169.5551
-117.5673,18.77691,169.5551
-117.5673,18.77691,169.5551
-117.5673,18.77691,169.5551
-117.5673,18.77691,169.5551
-117.5673,18.77691,169.5551
-117.5673,18.77691,169.5551
-117.5673,18.77691,169.5551
-117.5673,18.77691,169.5551
-117.5673,18.77691,169.5551
-117.5673,18.77691,169.5551
-117.5673,18.77691,169.5551
-117.5673,18.77691,169.5551
-117.5673,18.77691,169.5551
-117.5673,18.77691,169.5551
-117.5673,18.77691,169.5551
-117.5673,18.77691,169.5551
-117.5673,18.77691,169.5551
-117.5673,18.77691,169.5551
-117.5673,18.77691,169.5551
-117.5673,18.77691,169.5551
-117.5673,18.77691,169.5551
-117.5673,18.77691,169.5551
-117.5673,18.77691,169.5551
-117.5673,18.77691,169.5551
-117.5673,18.77691,169.5551
-117.5673,18.77691,169.5551
-117.5673,18.77691,169.5551
-117.5624,18.77073,169.6249
-117.2937,18.67312,170.4728
-116.7074,18.53312,171.6768
-115.8875,18.6763,172.6037
-115.0215,18.89297,173.6542
-114.3421,19.14117,174.5473
-114.2771,19.44216,175.583
-114.6114,19.50614,176.4128
-115.0726,19.37345,177.2361
-115.7839,19.20739,178.1576
-116.5582,19.15098,179.2162
-117.5143,19.07905,180.4096
-118.7448,18.97521,181.3802
-119.9599,18.86433,182.1065
-121.3877,18.38964,182.789
-122.7941,18.02782,183.4393
-124.2255,17.83341,183.9468
-125.7253,17.93398,184.152
-127.0174,18.01619,184.5329
-128.1878,18.06707,185.163
-129.1648,17.84771,186.2835
-130.1065,17.74505,187.5106
-130.3137,17.68059,189.0491
-130.1945,17.63115,190.631
-129.7127,17.60878,191.9648
-128.5655,17.58041,193.0411
-127.5661,17.76555,193.9245
-126.213,18.04555,194.1207
-124.8463,18.3665,193.6235
-124.5069,18.89415,193.6134
-124.4217,18.94901,193.6523
-124.6512,18.58883,193.7475
-125.1147,18.22631,193.5777
-125.3054,18.15759,193.1079
-125.347,18.14707,193.0733
-125.347,18.14707,193.0733
-125.6471,18.07505,192.88
-126.6066,17.84487,192.263
-127.6789,17.58576,191.5454
-128.5798,17.68476,190.5452
-129.5612,17.73105,189.3907
-130.6745,17.68855,188.3009
-131.8244,17.79789,187.2736
-132.832,18.00882,186.3893
-133.8749,18.11981,185.3486
-134.9579,17.98716,184.2304
-135.9871,17.98164,183.1007
-136.8954,17.92867,182.1207
-137.7712,17.92713,181.0122
-138.5661,17.73376,179.7273
-139.172,17.71751,178.3415
-139.7296,17.77909,176.9103
-140.2373,17.8352,175.6006
-140.7925,17.89662,174.1553
-141.2742,17.95152,172.8319
-141.5951,18.00598,171.3196
-141.8317,17.95108,169.7765
-141.9651,17.90836,168.2024
-142.031,17.86337,166.6158
-142.0361,17.82084,165.1709
-141.9559,17.77165,163.5817
-141.6768,17.77352,162.0241
-141.3151,17.9001,160.5178
-141,18.01358,159.1571
-140.6422,18.07935,157.6698
-140.1626,18.1527,156.2149
-139.6891,18.22422,154.906
-139.1682,18.30289,153.4669
-138.6948,18.54867,152.0794
-138.2496,18.81087,150.7378
-137.9519,18.78714,149.9036
-137.8617,18.79517,149.6776
-137.6008,18.83398,149.1328
-137.5521,18.83109,149.0938
-137.5521,18.83109,149.0938
-137.5521,18.83109,149.0938
-137.5521,18.83109,149.0938
-137.5521,18.83109,149.0938
-137.5521,18.83109,149.0938
-137.5521,18.83109,149.0938
-137.828,18.80657,149.4053
-138.4385,18.78082,150.0314
-139.0289,18.73295,150.8701
-139.9968,18.36765,151.566
-141.009,18.15012,152.4199
-142.0652,18.02458,153.2245
-143.3369,17.98183,153.7043
-144.8906,17.94785,153.7585
-146.4341,17.91415,153.428
-147.9581,17.90397,153.004
-149.28,17.9514,152.4802
-150.6647,18.00177,151.9329
-152.0181,17.9243,151.1954
-153.3404,17.96988,150.435
-154.5379,17.88638,149.693
-155.7427,17.91348,148.693
-156.9033,17.94127,147.6309
-158.042,17.96932,146.5425
-159.0682,17.99492,145.5429
-160.1884,18.0029,144.4322
-161.1807,17.99703,143.3908
-162.2362,17.99016,142.2092
-163.2162,17.98249,140.9642
-163.99,17.97443,139.7484
-164.8095,18.23313,138.544
-165.5455,18.46346,137.533
-166.3509,18.70775,136.4528
-166.8227,18.83976,135.8576
-166.8792,18.84389,135.8257
-166.8792,18.84389,135.8257
-166.8792,18.84389,135.8257
-167.199,18.73737,136.084
-167.9373,18.41978,136.9225
-168.7525,18.01962,138.0153
-169.5568,17.98607,139.072
-170.5113,17.99949,140.2799
-171.371,18.18296,141.5091
-171.9165,18.54458,142.7682
-172.5802,18.86185,143.7713
-173.8337,19.07176,144.3168
-175.229,18.97672,144.4881
-176.8002,18.94467,144.4106
-178.3739,18.9153,144.3067
-179.8728,18.85495,143.8534
-181.2006,18.79553,143.3032
-182.6612,18.78302,142.7056
-184.0434,18.90834,142.0805
-185.332,19.09853,142.1563
-186.2247,19.23834,142.8115
-186.4002,19.2688,142.9523
-186.4002,19.2688,142.9523
-186.4002,19.2688,142.9523
-186.4002,19.2688,142.9523
-186.4002,19.2688,142.9523
-186.4002,19.2688,142.9523
-186.4002,19.2688,142.9523
-185.9795,19.23193,143.139
-185.0005,19.16224,143.8074
-184.7287,19.15115,145.0731
-184.567,19.0645,146.5777
-184.5701,19.13532,148.1006
-185.5366,19.21369,149.0361
-186.7554,19.29263,149.7713
-187.0808,19.33099,149.9966
-187.0829,19.33123,149.9988
-187.0829,19.33123,149.9988
-187.4447,19.38222,149.7899
-188.316,19.50542,149.266
-188.9031,19.93629,148.541
-189.4105,20.04067,147.8182
-190.0693,20.05164,146.9134
-190.4962,20.034,145.8691
-190.5276,19.8792,144.7293
-190.3631,19.76042,143.2877
-190.1496,19.63032,141.7661
-189.9706,19.51201,140.3562
-190.1165,19.43407,138.8145
-189.9436,19.15432,137.3191
-189.3244,18.86216,135.8953
-188.7562,18.59518,134.5961
-187.8936,18.29656,133.3175
-186.7196,18.03453,132.5164
-185.478,18.20045,131.7025
-184.4434,18.45924,130.6985
-183.5371,18.72508,129.5913
-182.6247,18.95889,128.6733
-181.4347,19.15012,128.1376
-180.0365,19.33502,127.7397
-178.6217,19.51376,127.3855
-177.1597,19.65833,127.2531
-175.684,19.72856,127.1222
-174.3196,19.69708,126.7873
-172.7628,19.68309,126.884
-171.251,19.67972,127.3405
-169.854,19.67441,127.6843
-168.4269,19.67766,128.3431
-167.3087,19.69105,129.2442
-166.1205,19.7076,130.2839
-164.9377,19.72435,131.3289
-163.7583,19.74124,132.3774
-162.6768,19.75619,133.3198
-161.4722,19.74646,134.3367
-160.4319,19.6489,135.267
-159.5634,19.39186,136.294
-158.6532,19.1329,137.4569
-157.907,18.87416,138.5671
-157.1403,18.57343,139.8255
-156.3744,18.27181,141.0867
-155.6089,17.96993,142.3488
-154.897,17.97853,143.5318
-154.171,17.96745,144.7506
-153.3654,17.93758,146.1097
-152.4973,17.92686,147.4356
-151.5582,18.0562,148.6681
-150.755,18.22639,149.7307
-149.8175,18.12476,150.8973
-148.9383,18.21128,152.0768
-147.9735,17.89652,153.0737
-147.2207,17.85312,154.4588
-146.5272,17.82173,155.8834
-145.8931,17.7933,157.1784
-145.1842,17.76255,158.598
-144.4495,17.73305,160.0044
-143.7538,17.92147,161.1455
-143.3109,17.94374,162.4702
-143.0793,17.84282,163.805
-142.8922,17.84703,165.2391
-142.7542,17.88369,166.6125
-142.6082,17.92522,168.1583
-142.4773,17.96333,169.5742
-142.3323,18.00534,171.1354
-142.0145,18.06059,172.6587
-141.2523,17.94292,173.8466
-140.3307,17.84674,175.1266
-139.5466,17.76347,176.4993
-139.087,17.71176,177.8613
-138.7587,17.67684,179.4046
-138.544,17.72132,180.9157
-138.2908,17.78521,182.373
-137.6277,17.71179,183.551
-136.3353,17.74631,184.3672
-135.07,17.89482,184.8912
-133.7096,18.05928,185.4642
-132.3587,18.14518,186.041
-130.825,17.98013,186.0039
-129.447,18.0367,185.3209
-128.1456,18.05877,184.8972
-126.6761,17.99024,184.8652
-125.1581,17.83175,184.7965
-123.7764,17.89882,184.6446
-122.4977,18.15246,184.3634
-121.1393,18.40106,184.0298
-119.9383,18.71366,183.3799
-118.9118,19.00002,182.684
-117.743,19.13013,181.8777
-116.6207,19.17784,180.879
-115.6551,19.25462,179.8809
-114.9007,19.52436,178.7718
-114.8068,19.62907,177.7508
-114.9562,19.43156,176.7714
-114.5438,19.49086,176.2383
-114.1956,19.48433,175.5473
-113.8723,19.38745,174.644
-113.5593,19.26792,173.6953
-113.2505,19.17509,172.8315
-112.9626,19.1365,171.8572
-112.3391,18.91119,170.7828
-111.466,18.79826,169.8369
-110.5669,19.0514,168.9137
-110.375,19.22912,167.9611
-110.6665,18.93204,166.9846
-110.9345,18.6573,166.0384
-110.4804,18.73283,164.895
-109.8211,18.77868,163.8085
-108.9063,18.95331,162.7054
-107.6547,18.86303,161.8066
-106.4839,18.84932,160.9914
-105.3457,19.04068,160.104
-104.524,19.18476,159.2818
-104.1339,19.2456,158.4285
-103.3335,18.98717,157.3347
-102.3915,18.95847,156.3728
-101.2925,18.95996,155.3562
-100.1349,18.93401,154.3199
-98.95316,18.93533,153.2822
-97.87409,18.9365,152.3362
-96.81977,19.06307,151.4403
-95.70522,19.2482,150.4415
-94.62331,19.4191,149.4593
-93.48647,19.377,148.4405
-92.52631,19.55932,147.5151
-91.45868,19.60964,146.479
-90.45379,19.66534,145.3613
-89.42155,19.55122,144.1984
-88.79388,19.54741,143.5084
-88.19079,19.53904,142.8722
-87.53967,19.53063,142.1124
-87.603,19.52953,142.0284
-87.603,19.52953,142.0284
-87.603,19.52953,142.0284
-87.603,19.52953,142.0284
-87.603,19.52953,142.0284
-87.33289,19.52379,142.3565
-86.34568,19.49608,142.9464
-85.03864,19.46068,143.5784
-83.75555,19.42633,144.1515
-82.14946,20.70304,144.8218
-80.54317,21.50496,145.4917
-79.06844,21.82287,146.1064
-77.38258,21.72343,146.8076
-76.56296,21.90182,147.4053
-76.53475,21.86718,147.6625
-76.59797,22.50784,147.9005
-76.42726,23.60877,148.2859
-75.61798,24.26286,148.9742
-74.19742,24.58,149.9992
-72.88144,24.45864,150.9435
-72.22058,24.00072,151.2742
-72.21191,23.42889,151.0555
-72.20753,23.42848,151.0481
-72.20753,23.42848,151.0481
-72.20753,23.42848,151.0481
-72.29736,23.44337,150.9277
-72.9505,23.46867,150.215
-73.9034,23.44933,149.404
-75.10536,23.46592,148.5034
-76.52379,23.27593,148.0793
-77.86334,22.09922,147.7277
-79.15141,20.61497,147.3923
-80.57658,19.4319,147.0078
-81.92297,19.44225,146.6841
-83.36915,19.3878,146.0984
-83.91523,19.42568,144.6553
-83.78506,19.43618,143.0836
-83.67981,19.44604,141.6531
-83.82996,19.43953,140.081
-83.7569,19.37743,138.6482
-83.41576,19.34566,137.0959
-83.19281,19.4134,136.0621
-83.1703,19.41184,135.9487
-83.1703,19.41184,135.9487
-83.1703,19.41184,135.9487
-83.1703,19.41184,135.9487
-83.1703,19.41184,135.9487
-83.1703,19.41184,135.9487
-83.08855,19.40873,135.5938
-82.83796,19.39917,134.5058
-82.72758,19.395,134.033
-82.7241,19.39487,134.0191
-82.7241,19.39487,134.0191
-82.7241,19.39487,134.0191
-82.7241,19.39487,134.0191
-82.7241,19.39487,134.0191
-82.7241,19.39487,134.0191
-82.7241,19.39487,134.0191
-82.7241,19.39487,134.0191
-82.7241,19.39487,134.0191
-82.7241,19.39487,134.0191
-82.7241,19.39487,134.0191
-82.7241,19.39487,134.0191
-82.7241,19.39487,134.0191
-82.7241,19.39487,134.0191
-82.7241,19.39487,134.0191
-82.7241,19.39487,134.0191
-82.7241,19.39487,134.0191
-82.7241,19.39487,134.0191
-82.7241,19.39487,134.0191
-82.7241,19.39487,134.0191
-82.7241,19.39487,134.0191
-82.7241,19.39487,134.0191
-82.7241,19.39487,134.0191
-82.7241,19.39487,134.0191
-82.7241,19.39487,134.0191
-82.7241,19.39487,134.0191
-82.7241,19.39487,134.0191
-82.7241,19.39487,134.0191
-82.7241,19.39487,134.0191
-82.7241,19.39487,134.0191
-82.7241,19.39487,134.0191
-82.7241,19.39487,134.0191
-82.7241,19.39487,134.0191
-82.7241,19.39487,134.0191
-82.7241,19.39487,134.0191
-82.7241,19.39487,134.0191
-82.7241,19.39487,134.0191
-82.7241,19.39487,134.0191
-82.7241,19.39487,134.0191
-82.7241,19.39487,134.0191
-82.7241,19.39487,134.0191
-82.7241,19.39487,134.0191
-82.7241,19.39487,134.0191
-82.7241,19.39487,134.0191
-82.7241,19.39487,134.0191
-82.7241,19.39487,134.0191
-82.7241,19.39487,134.0191
-82.7241,19.39487,134.0191
-82.7241,19.39487,134.0191
-82.7241,19.39487,134.0191
-82.7241,19.39487,134.0191
-82.7241,19.39487,134.0191
-82.7241,19.39487,134.0191
-82.7241,19.39487,134.0191
-82.7241,19.39487,134.0191
-82.7241,19.39487,134.0191
-82.7241,19.39487,134.0191
-82.7241,19.39487,134.0191
-82.7241,19.39487,134.0191
-82.7241,19.39487,134.0191
-82.7241,19.39487,134.0191
-82.7241,19.39487,134.0191
-82.7241,19.39487,134.0191
-82.7241,19.39487,134.0191
-82.7241,19.39487,134.0191
-82.64675,19.40947,133.6542
-82.40932,19.45835,132.5216
-82.59003,19.47749,131.5427
-83.67101,19.77982,131.1032
-84.16976,20.12205,131.1911
-84.2672,19.9958,131.5603
-84.00752,19.4745,132.14
-82.78549,19.42589,132.8462
-81.48089,19.497,133.0751
-80.78394,19.56521,132.21
-80.42927,19.66035,130.9026
-80.44931,19.61589,129.6418
-80.02776,19.48458,128.3639
-78.55186,19.60556,128.1039
-77.67397,20.28086,127.8141
-76.24059,20.55599,127.6176
-75.03482,20.45651,127.4332
-74.76633,20.475,127.2761
-74.76788,20.46961,127.266
-74.2348,20.64845,127.2585
-73.15051,21.01222,127.2433
-71.83493,21.27613,127.2412
-70.88188,21.26208,126.6362
-70.23761,20.89169,125.5593
-69.88983,20.19746,123.9208
-70.79373,20.22982,122.8978
-71.50864,20.30668,122.4528
-71.54114,20.30851,122.4207
-70.63609,20.16042,122.6226
-68.90936,19.87779,123.0072
-68.35904,20.00751,122.9729
-68.35632,20.00663,122.9689
-68.35632,20.00663,122.9689
-68.35632,20.00663,122.9689
-68.35632,20.00663,122.9689
-68.35632,20.00663,122.9689
-68.35632,20.00663,122.9689
-68.37048,19.97766,122.9239
-68.53137,19.70656,122.3161
-68.7081,19.5889,121.4854
-68.9314,19.52985,120.7556
-69.36484,19.51359,119.5294
-70.14514,19.46214,118.3783
-71.44168,19.44713,118.4509
-71.78024,20.1937,118.6984
-71.97173,20.48201,118.8158
-71.93433,20.36721,118.6684
-71.79739,19.78565,118.4288
-71.43875,19.45068,117.9407
-71.3828,19.4018,117.4806
-71.71643,19.70779,117.7196
-72.04788,20.01085,118.1147
-72.05948,20.02131,118.1539
-72.1208,20.07705,118.2843
-72.06,20.24507,118.5188
-71.81305,20.0099,118.6426
-71.28079,19.33389,118.5221
-71.29822,19.42624,118.6617
-71.24487,19.3782,118.7252
-71.23337,19.37898,118.739
-71.23337,19.37898,118.739
-71.24261,19.37835,118.7279
-71.48755,19.49335,118.3367
-71.69464,19.68665,117.9044
-71.84993,19.83302,117.3334
-72.15436,20.1129,117.4353
-72.52597,20.45116,118.1389
-72.48016,20.8148,118.4679
-72.29724,20.86282,118.6248
-72.03059,20.50138,118.6555
-71.59578,19.70081,118.5678
-71.08194,19.39253,118.3463
-70.67406,19.42056,118.7532
-69.51776,19.49916,120.0536
-68.125,19.58493,121.624
-67.48308,19.90215,122.0494
-67.21582,20.02213,121.5552
-67.18144,19.84999,120.8549
-66.75047,20.03224,120.0235
-66.6539,20.07266,119.8307
-66.6539,20.07266,119.8307
-66.6539,20.07266,119.8307
-66.37787,20.24629,119.7581
-65.94455,20.4788,119.3316
-65.99081,20.344,118.4672
-66.27673,20.03526,117.4685
-66.52878,19.77635,116.502
-65.88095,19.68461,115.5359
-65.06516,19.60872,114.3979
-64.24719,19.67264,113.1369
-63.49756,20.0361,112.3535
-62.7653,20.18527,111.6271
-62.24121,20.14338,111.2133
-62.12938,20.12164,111.1693
-61.58061,20.08535,110.7827
-60.68008,19.98258,110.6029
-59.72462,19.77987,110.3388
-59.0387,19.71615,109.6342
-58.96149,19.7089,109.5314
-58.58279,19.67324,109.0023
-57.95599,19.71108,108.0513
-57.07567,19.78446,106.9192
-55.90871,19.89676,106.0301
-54.56625,19.6313,105.3015
-53.35153,19.58955,104.5559
-52.03719,19.73183,103.8316
-51.07443,19.81535,103.7692
-50.59424,19.71988,104.1161
-50.29364,19.92027,105.3525
-50.29288,19.8544,105.954
-50.25578,19.83896,105.9489
-50.25578,19.83896,105.9489
-50.25578,19.83896,105.9489
-50.25578,19.83896,105.9489
-50.27393,19.83682,105.9549
-51.01157,19.76613,105.9557
-52.59494,19.65171,106.0565
-54.42984,19.63729,106.4912
-56.04558,19.82301,107.1101
-57.9415,19.69222,107.8873
-59.13742,20.46594,108.894
-61.04451,21.15394,110.449
-63.04344,21.3782,112.0435
-65.11389,21.13893,113.6823
-67.20023,20.42735,115.331
-68.92822,19.69303,116.6935
-69.53922,19.56646,117.2304
-69.58328,19.5565,117.2764
-69.58328,19.5565,117.2764
-69.58328,19.5565,117.2764
-69.58328,19.5565,117.2764
-69.58328,19.5565,117.2764
-69.58328,19.5565,117.2764
-69.58328,19.5565,117.2764
-69.58328,19.5565,117.2764
-69.58328,19.5565,117.2764
-69.58328,19.5565,117.2764
-69.58328,19.5565,117.2764
-69.58328,19.5565,117.2764
-69.58328,19.5565,117.2764
-69.58328,19.5565,117.2764
-69.58328,19.5565,117.2764
-69.58328,19.5565,117.2764
-69.58328,19.5565,117.2764
-69.58328,19.5565,117.2764
-69.58328,19.5565,117.2764
-69.58328,19.5565,117.2764
-69.58328,19.5565,117.2764
-69.58328,19.5565,117.2764
-69.58328,19.5565,117.2764
-69.58328,19.5565,117.2764
-69.58328,19.5565,117.2764
-69.58328,19.5565,117.2764
-69.58328,19.5565,117.2764
-69.58328,19.5565,117.2764
-69.58328,19.5565,117.2764
-69.58328,19.5565,117.2764
-69.58328,19.5565,117.2764
-69.58328,19.5565,117.2764
-69.58328,19.5565,117.2764
-69.58328,19.5565,117.2764
-69.58328,19.5565,117.2764
-69.58328,19.5565,117.2764
-69.58328,19.5565,117.2764
-69.58328,19.5565,117.2764
-69.58328,19.5565,117.2764
-69.58328,19.5565,117.2764
-69.58328,19.5565,117.2764
-69.58328,19.5565,117.2764
-69.58328,19.5565,117.2764
-69.58328,19.5565,117.2764
-69.58328,19.5565,117.2764
-69.58328,19.5565,117.2764
-69.58328,19.5565,117.2764
-69.58328,19.5565,117.2764
-69.58328,19.5565,117.2764
-69.58328,19.5565,117.2764
-69.58328,19.5565,117.2764
-69.58328,19.5565,117.2764
-69.46895,19.51493,117.9679
-69.06766,19.53482,119.6862
-68.81906,19.5486,120.5047
-68.81036,19.54478,120.5947
-68.81036,19.54478,120.5947
-68.81036,19.54478,120.5947
-68.81036,19.54478,120.5947
-68.81036,19.54478,120.5947
-68.96579,19.52578,120.7976
-69.31427,19.85042,121.6454
-70.0412,20.11534,123.1273
-70.74469,20.47064,124.6796
-70.90085,20.60023,125.3852
-70.90012,20.6033,125.408
-70.90012,20.6033,125.408
-70.90012,20.6033,125.408
-70.90012,20.6033,125.408
-70.90012,20.6033,125.408
-70.58298,20.46522,124.8654
-69.94931,20.19098,123.793
-69.2991,19.90464,122.6575
-68.6275,19.63643,121.3237
-68.04947,19.60896,120.0146
-67.55032,19.65452,118.536
-67.2343,19.78933,117.5106
-67.05194,19.84725,117.1293
-66.37747,19.78307,116.2887
-65.83099,19.65963,115.1036
-64.89325,19.61863,114.2391
-64.03326,19.65565,113.8303
-62.85367,19.70825,113.2139
-61.97697,19.7597,112.242
-60.92601,19.81495,111.1217
-60.0394,19.87978,110.4362
-59.90518,19.79601,110.336
-59.56786,19.76475,110.0154
-58.77399,19.6912,109.2583
-57.73264,19.76741,108.2951
-56.55231,19.73677,107.3763
-55.27994,19.81243,106.7255
-54.83945,19.71297,106.5221
-54.79376,19.68762,106.5063
-55.71071,19.84348,106.9232
-57.49554,19.71961,107.7051
-59.12181,20.12449,108.8413
-60.96802,20.4556,110.2698
-63.10919,20.38112,111.9655
-65.26038,19.83272,113.6652
-66.5455,19.67947,114.6788
-66.79883,19.70451,114.8791
-66.79883,19.70451,114.8791
-66.76434,19.70162,114.8619
-66.00214,19.64121,114.5506
-64.72983,19.62736,114.1102
-63.34477,19.68389,113.5451
-62.05542,19.85807,113.1046
-60.65103,19.78097,113.0471
-59.11232,19.79883,113.055
-58.36021,20.23446,112.627
-57.17099,20.34128,112.0865
-57.10875,20.54191,112.3446
-57.0365,20.49882,112.4445
-57.29095,20.19048,112.2282
-57.38586,20.118,112.1504
-57.38586,20.118,112.1504
-57.38586,20.118,112.1504
-57.38586,20.118,112.1504
-57.38586,20.118,112.1504
-57.38586,20.118,112.1504
-57.5459,20.01797,112.0786
-58.57753,19.67301,111.5969
-60.10735,19.81532,110.7036
-60.502,19.96844,110.3829
-60.32481,19.87063,110.3549
-60.29974,19.83165,110.3588
-60.29974,19.83165,110.3588
-60.29974,19.83165,110.3588
-60.29974,19.83165,110.3588
-60.29974,19.83165,110.3588
-60.50099,19.83991,110.855
-60.9342,19.75942,111.8819
-61.61961,19.78863,113.1232
-62.8885,19.78567,113.4715
-64.70737,19.66773,112.9035
-65.97491,19.70399,112.6886
-66.52301,19.61503,113.467
-66.77313,19.69819,114.7849
-67.02908,19.79122,116.2426
-67.24733,19.87283,117.601
-67.70303,19.63987,119.0953
-68.36511,19.58319,120.3704
-68.94543,19.70299,121.4615
-69.42764,19.89128,122.2921
-69.5827,19.94343,122.54
-69.66475,19.97566,122.6555
-70.23868,20.18081,123.3191
-71.00026,20.43946,124.1031
-71.91451,20.74907,125.0379
-72.76907,21.03822,125.9099
-73.75449,20.82703,126.7172
-74.74883,20.44881,127.2094
-75.06204,20.28474,127.0915
-75.78416,19.70967,126.4122
-76.93338,19.35929,126.1712
-77.54716,19.32913,126.1081
-78.20824,19.38669,126.5459
-79.18014,19.52604,127.3335
-80.16312,19.45188,128.173
-81.05006,19.54526,128.9331
-81.96997,19.57335,129.6502
-82.77576,19.67744,130.0121
-83.14902,19.59689,130.6917
-83.21385,19.44682,131.3242
-83.21934,19.44535,131.3615
-83.21934,19.44535,131.3615
-83.21934,19.44535,131.3615
-83.08189,19.45724,131.2419
-81.9836,19.55225,130.2865
-80.57161,19.59404,129.0714
-80.12267,19.51224,128.7206
-80.1021,19.5126,128.7043
-80.1021,19.5126,128.7043
-80.1021,19.5126,128.7043
-80.1021,19.5126,128.7043
-80.1021,19.5126,128.7043
-80.1021,19.5126,128.7043
-80.1021,19.5126,128.7043
-80.1021,19.5126,128.7043
-80.1021,19.5126,128.7043
-79.46569,19.55647,128.5125
-79.34137,19.56391,128.4642
-79.35525,19.56286,128.4675
-79.98032,19.51573,128.6171
-81.07104,19.53913,128.8691
-81.45821,19.82426,128.9446
-81.61145,21.01709,128.9635
-82.03127,21.69034,129.0461
-83.38454,21.98031,129.3437
-85.16666,21.79648,129.7399
-86.12447,21.9145,130.7135
-86.61063,21.66168,131.8681
-86.7623,20.93638,133.4067
-86.51313,19.94368,135.0715
-86.07218,19.30146,136.755
-85.9697,19.31724,137.1299
-85.9697,19.31724,137.1299
-85.9697,19.31724,137.1299
-85.9697,19.31724,137.1299
-85.9697,19.31724,137.1299
-85.9697,19.31724,137.1299
-85.9697,19.31724,137.1299
-85.73261,19.3206,137.2201
-84.30296,19.34053,137.7567
-82.33269,19.36772,138.4896
-80.50155,19.40067,139.4556
-79.06788,19.72593,140.1171
-78.72528,19.994,139.8906
-78.71162,20.00463,139.8817
-78.71162,20.00463,139.8817
-78.71162,20.00463,139.8817
-78.71162,20.00463,139.8817
-78.71162,20.00463,139.8817
-78.71162,20.00463,139.8817
-78.71162,20.00463,139.8817
-78.74963,19.99454,139.8529
-79.23351,19.87935,139.4496
-79.93709,19.74314,138.7774
-80.52023,19.42995,138.1202
-81.22235,19.39127,137.0939
-81.95083,19.39418,135.811
-82.71263,19.39719,134.4622
-83.48875,19.4003,133.095
-83.92435,19.55245,131.8954
-83.68843,19.83503,131.0279
-83.04777,19.65347,130.444
-82.42734,19.52504,130.1819
-82.59158,19.51208,130.0269
-82.59019,19.51382,130.0728
-82.58218,19.51379,130.0818
-82.58218,19.51379,130.0818
-82.73074,20.15019,130.0238
-83.59025,21.13052,129.6996
-85.02926,21.86808,129.2328
-85.81002,22.50359,129.1909
-86.28636,22.75472,129.413
-86.36138,22.53737,129.9162
-86.03507,21.85154,130.7007
-85.39017,20.82152,131.6578
-84.31205,19.40946,132.9611
-83.81537,19.40718,133.5167
-83.52511,19.40375,133.6235
-82.0379,19.4358,133.985
-80.34139,19.64111,134.4122
-79.77895,20.38583,134.8837
-79.42349,20.75814,135.3953
-79.47012,20.70566,135.9074
-79.96429,20.18139,136.4307
-80.59528,19.42485,136.9086
-81.0481,19.40053,137.0738
-82.08743,19.41207,137.1222
-83.48358,19.33727,137.1943
-84.97734,19.31946,137.2298
-85.67365,19.31847,137.1729
-85.7291,19.31826,137.1655
-86.02693,19.31743,137.1316
-87.14866,19.31424,137.0024
-88.1663,19.42074,137.1447
-88.38972,19.34167,137.4597
-88.39706,19.33694,137.4693
-88.39706,19.33694,137.4693
-88.39706,19.33694,137.4693
-88.39706,19.33694,137.4693
-88.39706,19.33694,137.4693
-88.41106,19.33666,137.4659
-88.86802,19.33938,137.5082
-89.15971,19.35797,137.9304
-89.17449,19.36321,138.0525
-89.17412,19.36307,138.0494
-89.17068,19.36186,138.021
-89.15736,19.35715,137.9112
-89.16198,20.2224,137.7469
-89.57665,21.11363,137.4639
-90.7132,21.31712,137.028
-91.66127,21.20598,136.6854
-91.76054,21.21011,136.6539
-91.76054,21.21011,136.6539
-91.76054,21.21011,136.6539
-91.76054,21.21011,136.6539
-92.39194,21.2373,136.7576
-93.64077,21.29108,136.9628
-94.46213,21.32645,137.098
-94.55135,21.3303,137.1127
-94.55135,22.51448,137.1127
-94.55135,23.36385,137.1127
-94.55135,23.72399,137.1127
-94.55135,23.66693,137.1127
-94.63507,23.18776,137.2449
-95.15598,22.12796,138.0686
-95.86344,20.94593,139.204
-96.59141,20.42903,140.4129
-97.25603,19.95651,141.5185
-97.64716,19.46002,142.8792
-97.31003,19.08918,144.1683
-97.25262,19.0939,145.6521
-97.31326,19.08239,147.1606
-97.50582,19.10562,148.4638
-98.03972,19.10477,149.8435
-98.95107,19.22734,151.0128
-99.85731,19.07108,152.1976
-100.7725,18.97186,153.4236
-101.6622,18.9621,154.5358
-102.7262,19.02467,155.6813
-103.5703,18.94234,156.5856
-104.0808,18.94958,157.1395
-104.8639,19.06086,157.9312
-105.9157,18.96263,158.9481
-106.955,18.85349,159.9467
-108.0574,18.77633,161.0704
-109.1686,18.81418,162.1409
-110.1439,18.76814,163.1301
-111.1748,18.73502,164.286
-112.0376,18.74903,165.543
-112.755,18.6101,166.9721
-113.375,18.53686,168.2849
-113.7441,18.53717,169.346
-113.8148,18.55878,169.9067
-113.9831,18.79796,170.9685
-114.2325,18.88219,172.2515
-114.7094,18.94367,173.5805
-114.4611,19.21288,174.3423
-114.2491,19.32374,175.1878
-114.3543,19.49205,175.876
-114.7793,19.47167,176.6376
-115.2552,19.30626,177.3574
-115.9331,19.19786,178.4286
-116.8141,19.1334,179.6197
-117.9608,19.03927,180.6566
-119.1401,18.9374,181.4686
-120.4342,18.70759,182.3724
-121.6746,18.31163,183.0297
-123.1035,17.94716,183.6096
-124.5086,17.841,184.1165
-125.818,17.87555,184.584
-127.1948,17.90367,185.2988
-128.3912,17.93297,186.0475
-129.4847,17.79424,187.0062
-129.7577,17.76774,187.3673
-129.7599,17.76752,187.3705
-129.7599,17.76752,187.3705
-129.7599,17.76752,187.3705
-129.7599,17.76752,187.3705
-129.7599,17.76752,187.3705
-129.6613,17.7507,187.9924
-129.4983,17.71905,189.1306
-129.3695,17.68815,190.1975
-129.3651,17.68325,190.3438
-129.3651,17.68325,190.3438
-129.3651,17.68325,190.3438
-129.3651,17.68325,190.3438
-129.3651,17.68325,190.3438
-129.3651,17.68325,190.3438
-129.3651,17.68325,190.3438
-129.3651,17.68325,190.3438
-129.3651,17.68325,190.3438
-129.4099,17.67904,190.3989
-129.8952,17.63358,190.9941
-130.7457,17.55391,192.0372
-131.62,17.4723,193.101
-132.5274,17.66478,194.2575
-133.3521,17.89954,195.3977
-134.0266,18.13652,196.6392
-134.4853,18.17374,197.2061
-134.5157,18.17896,197.2473
-134.7933,18.22658,197.5539
-135.5133,18.34953,198.2552
-136.5816,18.53079,199.0777
-137.7575,18.72556,199.8933
-138.9346,18.85356,200.5359
-140.3114,18.98899,201.0715
-140.9247,19.04109,201.3995
-141.0376,19.0502,201.4684
-141.7509,19.16521,201.8148
-142.3951,19.39474,202.3765
-143.4812,19.61116,202.8862
-144.7818,19.86394,203.172
-146.048,20.18169,203.4164
-147.1786,20.39704,203.9289
-148.2691,20.57161,204.5372
-149.346,20.72033,204.8825
-150.2857,20.81404,204.9919
-150.4207,20.82574,204.9941
-150.4207,20.82574,204.9941
-150.4207,20.82574,204.9941
-150.4207,20.82574,204.9941
-150.4207,20.82574,204.9941
-150.4207,20.82574,204.9941
-150.4207,20.82574,204.9941
-150.4207,20.82574,204.9941
-150.4207,20.82574,204.9941
-150.4207,20.82574,204.9941
-150.4207,20.82574,204.9941
-150.4207,20.82574,204.9941
-150.4207,20.82574,204.9941
-150.4207,20.82574,204.9941
-150.4207,20.82574,204.9941
-150.4207,20.82574,204.9941
-150.4207,20.82574,204.9941
-150.4207,20.82574,204.9941
-150.4207,20.82574,204.9941
-150.4207,20.82574,204.9941
-150.4207,20.82574,204.9941
-150.4207,20.82574,204.9941
-150.4207,20.82574,204.9941
-150.4207,20.82574,204.9941
-150.4207,20.82574,204.9941
-150.4207,20.82574,204.9941
-150.4207,20.82574,204.9941
-150.4207,20.82574,204.9941
-150.4207,20.82574,204.9941
-150.4207,20.82574,204.9941
-150.4207,20.82574,204.9941
-150.4207,20.82574,204.9941
-150.4207,20.82574,204.9941
-150.4207,20.82574,204.9941
-150.4207,20.82574,204.9941
-150.4207,20.82574,204.9941
-150.4207,20.82574,204.9941
-150.4207,20.82574,204.9941
-150.4207,20.82574,204.9941
-150.4207,20.82574,204.9941
-150.4207,20.82574,204.9941
-150.4207,20.82574,204.9941
-150.4207,20.82574,204.9941
-150.4207,20.82574,204.9941
-150.4207,20.82574,204.9941
-150.4207,20.82574,204.9941
-150.4207,20.82574,204.9941
-150.4207,20.82574,204.9941
-150.4207,20.82574,204.9941
-150.4207,20.82574,204.9941
-150.4207,20.82574,204.9941
-150.4207,20.82574,204.9941
-150.4207,20.82574,204.9941
-150.4207,20.82574,204.9941
-150.4207,20.82574,204.9941
-150.4207,20.82574,204.9941
-150.4207,20.82574,204.9941
-150.4207,20.82574,204.9941
-150.4207,20.82574,204.9941
-150.4207,20.82574,204.9941
-150.4207,20.82574,204.9941
-150.4207,20.82574,204.9941
-150.4207,20.82574,204.9941
-150.4207,20.82574,204.9941
-150.4207,20.82574,204.9941
-150.4207,20.82574,204.9941
-150.4207,20.82574,204.9941
-150.4207,20.82574,204.9941
-150.4207,20.82574,204.9941
-150.4207,20.82574,204.9941
-150.4207,20.82574,204.9941
-150.4207,20.82574,204.9941
-150.4207,20.82574,204.9941
-150.4207,20.82574,204.9941
-150.4207,20.82574,204.9941
-150.4207,20.82574,204.9941
-150.4207,20.82574,204.9941
-150.4207,20.82574,204.9941
-150.4207,20.82574,204.9941
-150.4207,20.82574,204.9941
-150.4207,20.82574,204.9941
-150.4207,20.82574,204.9941
-150.4207,20.82574,204.9941
-150.4207,20.82574,204.9941
-150.4207,20.82574,204.9941
-150.4207,20.82574,204.9941
-150.4207,20.82574,204.9941
-150.4207,20.82574,204.9941
-150.4207,20.82574,204.9941
-150.4207,20.82574,204.9941
-150.4207,20.82574,204.9941
-150.4207,20.82574,204.9941
-150.4207,20.82574,204.9941
-150.4207,20.82574,204.9941
-150.4207,20.82574,204.9941
-150.4207,20.82574,204.9941
-150.4207,20.82574,204.9941
-150.4207,20.82574,204.9941
-150.4207,20.82574,204.9941
-150.4207,20.82574,204.9941
-150.4207,20.82574,204.9941
-150.4207,20.82574,204.9941
-150.4207,20.82574,204.9941
-150.4207,20.82574,204.9941
-150.4207,20.82574,204.9941
-150.4207,20.82574,204.9941
-150.4207,20.82574,204.9941
-150.4207,20.82574,204.9941
-150.4207,20.82574,204.9941
-150.4207,20.82574,204.9941
-150.4207,20.82574,204.9941
-150.4207,20.82574,204.9941
-150.4207,20.82574,204.9941
-150.4207,20.82574,204.9941
-150.4207,20.82574,204.9941
-150.4207,20.82574,204.9941
-150.4207,20.82574,204.9941
-150.4207,20.82574,204.9941
-150.4207,20.82574,204.9941
-150.4207,20.82574,204.9941
-150.4207,20.82574,204.9941
-150.4207,20.82574,204.9941
-150.4207,20.82574,204.9941
-150.4207,20.82574,204.9941
-150.4207,20.82574,204.9941
-150.4207,20.82574,204.9941
-150.4207,20.82574,204.9941
-150.4207,20.82574,204.9941
-150.4207,20.82574,204.9941
-150.4207,20.82574,204.9941
-150.4207,20.82574,204.9941
-150.4207,20.82574,204.9941
-150.4207,20.82574,204.9941
-150.4207,20.82574,204.9941
-150.4207,20.82574,204.9941
-150.4207,20.82574,204.9941
-150.4207,20.82574,204.9941
-150.4207,20.82574,204.9941
-150.4207,20.82574,204.9941
-150.4207,20.82574,204.9941
-150.4207,20.82574,204.9941
-150.4207,20.82574,204.9941
-150.4207,20.82574,204.9941
-150.4207,20.82574,204.9941
-150.4207,20.82574,204.9941
-150.4207,20.82574,204.9941
-150.4207,20.82574,204.9941
-150.4207,20.82574,204.9941
-150.4207,20.82574,204.9941
-150.4207,20.82574,204.9941
-150.4207,20.82574,204.9941
-150.4207,20.82574,204.9941
-150.4207,20.82574,204.9941
-150.4207,20.82574,204.9941
-150.4207,20.82574,204.9941
-150.4207,20.82574,204.9941
-150.4207,20.82574,204.9941
-150.4207,20.82574,204.9941
-150.4207,20.82574,204.9941
-150.4207,20.82574,204.9941
-150.4207,20.82574,204.9941
-150.4207,20.82574,204.9941
-150.4207,20.82574,204.9941
-150.4207,20.82574,204.9941
-150.4207,20.82574,204.9941
-150.4207,20.82574,204.9941
-150.4207,20.82574,204.9941
-150.4207,20.82574,204.9941
-150.4207,20.82574,204.9941
-150.9872,20.88003,205.04
-151.3764,20.91641,205.0651
-151.3791,20.91658,205.0646
-151.3791,20.91658,205.0646
-151.3791,20.91658,205.0646
-151.3791,20.91658,205.0646
-151.3791,20.91658,205.0646
-151.3791,20.91658,205.0646
-151.3882,20.9221,205.0983
-151.6577,21.17042,205.6053
-152.0625,21.52947,206.2649
-152.5699,21.96279,207.0576
-153.2021,22.38968,207.8159
-153.8144,22.86157,208.5197
-153.9977,23.19724,208.9142
-154.2367,23.49263,209.3525
-154.5386,23.88897,209.9604
-154.8248,24.31493,210.6169
-155.272,24.73397,211.0648
-155.7692,25.11909,211.3677
-155.9775,25.46597,211.6113
-155.8027,25.37225,211.7277
-155.5728,25.05642,211.4156
-155.7741,25.1129,211.3419
-155.7967,25.17485,211.3257
-155.5405,24.87844,211.0811
-155.0649,24.2357,210.0731
-155.0748,23.70096,208.5861
-155.5293,23.45767,207.1904
-155.987,23.47274,205.7556
-155.6604,23.31107,204.5
-155.2912,23.07952,203.6147
-154.8683,22.7628,203.2527
-154.0873,22.02025,203.0783
-153.0669,21.05872,203.3488
-152.1616,20.80202,203.7825
-151.0039,20.77144,204.2618
-149.9442,20.74283,204.692
-149.7623,20.73529,204.7473
-149.4991,20.63815,204.2171
-149.7503,20.85473,203.8832
-150.2125,20.61378,203.5722
-150.1831,20.5941,203.6239
-149.5945,20.64398,204.2009
-148.823,20.66955,204.843
-147.5876,20.69163,205.3306
-146.3055,20.66208,205.6074
-145.1161,20.56686,205.7111
-143.801,20.36794,205.5957
-142.6016,20.14963,205.4045
-141.2775,19.90357,205.1816
-140.027,19.56768,204.73
-138.9111,19.13333,204.0136
-138.1372,18.7833,203.0415
-137.6985,18.61275,202.3885
-137.6406,18.60982,202.304
-137.341,18.60969,201.7014
-137.1718,18.59952,201.399
-137.1698,18.59931,201.3973
-137.1698,18.59931,201.3973
-137.0891,18.59726,201.1146
-136.7606,18.56578,200.0556
-136.3251,18.48633,198.7105
-135.8386,18.39882,197.4291
-135.392,18.32441,196.1069
-135.2429,18.14475,194.577
-135.1742,18.01022,193.0296
-135.4129,17.91996,191.516
-135.6748,17.7726,190.1695
-136.0242,17.66477,188.7019
-136.4883,17.61356,187.2636
-136.8934,17.57326,185.9526
-137.2813,17.67329,184.3516
-137.7269,17.74684,183.0435
-138.4574,17.82118,181.7396
-138.6943,17.68362,181.0813
-138.7141,17.67872,181.0482
-138.8076,17.66987,180.7038
-139.1099,17.7049,179.6055
-139.5266,17.75243,178.2451
-140.0297,17.80869,176.8204
-140.4347,17.85497,175.4823
-140.7119,17.88983,173.9581
-140.8207,17.90773,172.5479
-140.7939,17.91522,170.9872
-140.756,17.92063,169.5705
-140.6924,17.86225,167.8576
-140.5285,17.81115,166.2836
-140.4156,17.77916,165.3083
-140.4037,17.77606,165.2149
-140.4037,17.77606,165.2149
-140.4037,17.77606,165.2149
-140.4037,17.77606,165.2149
-140.4037,17.77606,165.2149
-140.4556,17.77282,165.0555
-140.8735,17.75693,164.1179
-141.4456,17.73942,162.978
-142.1557,17.76575,161.6396
-142.9066,17.81494,160.2978
-143.6205,17.79157,159.0822
-144.5256,17.81112,157.8042
-145.2811,17.82831,156.718
-145.5183,17.83454,156.3543
-145.5247,17.83463,156.3465
-145.5247,17.83463,156.3465
-145.5247,17.83463,156.3465
-145.5247,17.83463,156.3465
-145.5247,17.83463,156.3465
-145.5247,17.83463,156.3465
-145.5247,17.83463,156.3465
-145.5247,17.83463,156.3465
-145.5247,17.83463,156.3465
-145.5247,17.83463,156.3465
-145.5247,17.83463,156.3465
-145.5247,17.83463,156.3465
-145.5247,17.83463,156.3465
-145.5247,17.83463,156.3465
-145.5247,17.83463,156.3465
-145.5247,17.83463,156.3465
-145.5247,17.83463,156.3465
-145.5247,17.83463,156.3465
-145.5247,17.83463,156.3465
-145.5247,17.83463,156.3465
-145.5247,17.83463,156.3465
-145.5247,17.83463,156.3465
-145.5247,17.83463,156.3465
-145.5247,17.83463,156.3465
-145.5247,17.83463,156.3465
-145.5247,17.83463,156.3465
-145.5247,17.83463,156.3465
-145.5247,17.83463,156.3465
-145.5247,17.83463,156.3465
-145.5247,17.83463,156.3465
-145.5247,17.83463,156.3465
-145.5247,17.83463,156.3465
-145.5247,17.83463,156.3465
-145.5247,17.83463,156.3465
-145.5247,17.83463,156.3465
-145.5247,17.83463,156.3465
-145.5247,17.83463,156.3465
-145.5943,17.83565,156.262
-146.1787,17.84493,155.5319
-147.1107,17.83987,154.9115
-148.6244,17.76912,155.6165
-149.8817,17.77382,156.0703
-150.6219,17.73445,155.3596
-150.7261,17.76922,154.1166
-150.6576,17.88735,152.6909
-151.3752,17.91342,151.706
-152.5524,17.91257,151.3115
-154.0093,17.85705,151.0897
-155.537,17.90804,151.1877
-156.973,18.17212,151.2743
-158.2447,18.39797,151.3084
-159.5157,18.50189,150.8784
-160.5771,18.48589,150.1088
-161.6422,18.46137,149.2529
-162.8939,18.45283,148.3849
-164.0219,18.4407,147.5724
-165.2995,18.446,146.7322
-166.6627,18.55867,146.0697
-167.9426,18.6961,145.5872
-169.3572,18.77263,145.1543
-170.7505,18.85261,144.7349
-172.0004,18.91508,144.3186
-173.3726,18.97692,143.8762
-174.4821,18.98426,144.4097
-175.0993,19.11878,145.8715
-176.0402,19.18663,146.5232
-177.3732,19.16777,146.4439
-178.5932,19.07979,145.7548
-179.836,19.00734,145.2186
-181.2392,18.92111,144.5775
-182.6031,18.87647,143.8847
-183.8887,18.98722,143.174
-184.8847,19.03995,142.2313
-185.8417,19.04271,141.0505
-186.5391,18.96826,139.6965
-186.8462,18.88877,138.748
-186.9155,18.80605,138.0453
-186.8855,18.63394,136.7812
-187.128,18.50027,135.4973
-187.9711,18.44951,134.247
-188.9248,18.37886,133.0596
-189.8361,18.32535,132.0107
-190.7895,18.25525,130.8216
-191.0283,18.37082,129.4391
-190.996,18.41839,129.0511
-190.9945,18.4154,129.0487
-190.9856,18.41642,129.0384
-190.5768,18.50213,128.5726
-190.4097,18.5299,128.428
-190.2031,18.54595,128.3629
-189.2402,18.6272,128.0192
-188.0144,18.75016,127.4602
-186.8255,18.9099,126.9223
-185.5094,19.12156,126.3289
-184.1558,19.29831,125.9568
-182.754,19.38427,126.1361
-181.5007,19.51325,125.9932
-180.1763,19.71666,125.5175
-178.9643,19.74917,124.9888
-177.4761,19.66899,124.5882
-175.9472,19.64206,124.2151
-174.3865,19.6177,123.9456
-172.9627,19.59597,123.7169
-171.3885,19.57332,123.5127
-170.0077,19.54727,123.1144
-168.5906,19.51177,122.3947
-167.1044,19.48036,121.8465
-165.5708,19.42364,121.8978
-164.1866,19.22634,122.5962
-163.0306,19.15011,123.4201
-162.0012,19.11878,124.5835
-160.9629,19.08537,125.7358
-160.0436,19.15113,126.7796
-159.274,19.35666,128.0508
-158.6558,19.56263,129.3938
-158.0139,19.43388,130.8122
-157.3746,19.24539,132.1076
-156.7415,19.1785,133.5338
-156.1888,19.22763,134.8145
-155.584,19.26433,136.2052
-155.0073,18.9411,137.6714
-154.4972,18.73943,139.0197
-153.9441,18.51812,140.5046
-153.3896,18.29523,141.9855
-152.9119,17.97258,143.2772
-152.3234,17.95301,144.6911
-151.75,17.99391,145.9869
-151.2602,18.12849,147.3884
-150.834,18.23137,148.7829
-150.1783,18.28681,149.9248
-149.1091,18.28998,150.9743
-148.0349,18.26068,151.8956
-146.8411,17.94558,152.6765
-145.6624,17.93864,153.3857
-144.4442,17.93725,154.3367
-143.6446,17.91311,155.5228
-142.9966,17.87706,156.9653
-142.575,17.83327,158.4966
-142.192,17.85903,160.0229
-141.887,17.84254,161.3768
-141.5184,17.73846,162.8935
-141.1195,17.77256,164.4119
-140.7356,17.80236,165.7881
-140.3058,17.83488,167.3003
-140.2714,17.87803,168.782
-140.5988,17.90155,170.0853
-140.4704,17.87884,171.5665
-140.0661,17.83185,173.0546
-139.6697,17.78629,174.414
-139.8161,17.79291,175.8698
-140.2753,17.83078,177.1553
-140.8441,17.87864,178.5684
-140.6588,17.85309,180.0193
-139.9003,17.77262,181.3323
-138.7945,17.66059,182.2318
-137.6965,17.80686,183.2526
-136.6688,17.72404,184.3194
-135.5611,17.79526,185.0456
-135.3354,17.82014,185.1622
-135.3354,17.82014,185.1622
-135.3354,17.82014,185.1622
-134.8477,17.88854,185.2827
-133.7187,18.06605,185.3897
-132.2849,18.29275,185.2127
-130.951,18.16654,185.0157
-129.4413,18.1163,184.8827
-127.9173,18.06468,184.8217
-126.5531,17.92082,184.7581
-125.0814,17.85304,184.3382
-123.6275,17.87186,183.7915
-122.4829,18.11226,183.2009
-121.5336,18.37074,182.3737
-120.5588,18.64217,181.3883
-119.5931,18.91843,180.3979
-118.5395,18.95601,179.3777
-117.3388,19.07985,179.5686
-115.9191,19.24577,180.7634
-114.9731,19.49586,181.2686
-114.7037,19.79886,181.3857
-114.8692,19.67894,181.5057
-115.3375,19.31628,181.3876
-115.083,19.36316,180.5443
-115.1316,19.31404,179.6626
-115.1287,19.28223,178.6035
-115.1198,19.26383,177.4777
-114.8949,19.46868,176.6793
-114.391,19.53355,176.0662
-114.0293,19.51739,175.3214
-113.7591,19.37337,174.3849
-113.5551,19.16954,173.394
-113.2281,19.09187,172.2117
-112.8315,18.99384,171.0248
-112.2636,18.70865,169.697
-111.7278,18.69843,168.427
-111.363,18.65867,166.9246
-111.0304,18.69467,165.4046
-110.5831,18.73114,163.9482
-110.0273,18.72336,162.6849
-109.3547,18.79512,161.3471
-108.5437,18.78415,159.9913
-107.6673,18.93534,158.9235
-106.4906,18.85882,157.7162
-105.4907,18.99373,156.7782
-104.2867,18.98601,156.0217
-102.9132,19.12366,155.3724
-101.4898,18.95608,154.6337
-100.2297,18.9537,153.6557
-99.33086,18.9683,152.3529
-98.57821,19.16648,151.2022
-97.75227,19.07,149.9432
-96.86893,19.14554,148.7303
-96.0306,19.18694,147.6454
-95.43854,19.23981,146.8745
-94.8103,19.29804,146.062
-94.01089,19.34556,145.0992
-92.9299,19.4207,144.0838
-91.88634,19.4965,143.1803
-90.7823,19.62982,142.1577
-89.72469,19.4922,141.0492
-88.72592,19.43817,139.8319
-87.79958,19.38917,138.7279
-86.51587,19.35438,137.9742
-85.18204,19.33651,137.6199
-83.92863,19.33654,136.8136
-83.01141,19.47114,135.6268
-82.36359,19.40381,134.3891
-81.73517,19.48485,132.9747
-81.50295,19.54553,131.4465
-81.27553,19.5933,129.9099
-80.65936,19.60346,128.6527
-79.82946,19.41145,127.4716
-78.67612,19.36946,126.4275
-77.44187,19.44338,126.0574
-76.32249,19.42726,126.2152
-75.49838,19.71179,126.2139
-74.87495,19.96465,126.2957
-74.23918,20.28204,126.5042
-73.49811,20.6195,126.7421
-72.8649,20.75949,126.8014
-72.20834,21.01296,126.5818
-71.57756,20.84067,125.8225
-70.92764,20.49536,124.6017
-70.14751,20.16528,123.3351
-69.4882,19.84505,121.971
-69.401,19.55826,120.6402
-69.56976,19.50015,119.2147
-69.18558,19.53729,117.745
-68.48056,19.77137,116.4345
-67.34607,19.85421,115.4352
-66.39957,19.66683,114.5981
-66.15024,19.64094,114.3768
-66.13849,19.63974,114.3667
-66.13849,19.63974,114.3667
-66.13849,19.63974,114.3667
-65.5752,19.5962,114.1582
-64.38092,19.64933,113.7332
-63.03458,19.70535,113.1516
-62.07813,19.81445,112.0085
-61.20415,19.87983,110.956
-60.43098,19.97982,110.5532
-59.76089,19.7858,110.4501
-59.405,19.75027,110.0395
-58.83362,19.69615,109.148
-58.59587,19.67336,108.6976
-58.58406,19.67224,108.6788
-58.58406,19.67224,108.6788
-58.58406,19.67224,108.6788
-58.58406,19.67224,108.6788
-58.58406,19.67224,108.6788
-58.58406,19.67224,108.6788
-58.58406,19.67224,108.6788
-58.58406,19.67224,108.6788
-58.58406,19.67224,108.6788
-58.58406,19.67224,108.6788
-58.58406,19.67224,108.6788
-58.58406,19.67224,108.6788
-58.58406,19.67224,108.6788
-58.58406,19.67224,108.6788
-58.58406,19.67224,108.6788
-58.58406,19.67224,108.6788
-58.58406,19.67224,108.6788
-58.58406,19.67224,108.6788
-58.58406,19.67224,108.6788
-58.58406,19.67224,108.6788
-58.58406,19.67224,108.6788
-58.58406,19.67224,108.6788
-58.58406,19.67224,108.6788
-58.58406,19.67224,108.6788
-58.58406,19.67224,108.6788
-58.58406,19.67224,108.6788
-58.58406,19.67224,108.6788
-58.58406,19.67224,108.6788
-58.58406,19.67224,108.6788
-58.58406,19.67224,108.6788
-58.58406,19.67224,108.6788
-58.58406,19.67224,108.6788
-58.58406,19.67224,108.6788
-58.58406,19.67224,108.6788
-58.58406,19.67224,108.6788
-58.58406,19.67224,108.6788
-58.58406,19.67224,108.6788
-58.58406,19.67224,108.6788
-58.58406,19.67224,108.6788
-58.58406,19.67224,108.6788
-58.49907,19.67098,109.1298
-58.43248,19.68051,110.3241
-59.00499,19.71953,111.4982
-59.83084,19.77851,112.7206
-60.86728,19.86967,113.7985
-61.84105,20.06151,114.4123
-63.1239,19.96695,114.4995
-64.57553,19.60437,114.9178
-66.07407,19.68682,115.3593
-66.89267,19.79821,116.5125
-67.08704,19.85763,117.9789
-67.19492,19.6757,119.454
-67.55075,19.62684,120.8251
-68.24521,19.6275,121.939
-68.99844,19.90958,123.1098
-69.90488,20.38528,123.8608
-71.12006,20.57652,124.9111
-71.49644,20.70634,125.3139
-72.15039,20.77305,124.8813
-73.38074,20.89243,124.0237
-73.91306,20.93813,123.6102
-73.92592,20.93803,123.5917
-73.92592,20.93803,123.5917
-73.92592,20.93803,123.5917
-73.92592,20.93803,123.5917
