-199.4256,19.50319,130.985
-199.4164,19.43413,130.9816
-199.4164,19.43413,130.9816
-199.4164,19.43413,130.9816
-199.4164,19.43413,130.9816
-199.4164,19.43413,130.9816
-199.4164,19.43413,130.9816
-199.4164,19.43413,130.9816
-199.4164,19.43413,130.9816
-199.4164,19.43413,130.9816
-199.4164,19.43413,130.9816
-199.4164,19.43413,130.9816
-199.4164,19.43413,130.9816
-199.4164,19.43413,130.9816
-199.4164,19.43413,130.9816
-199.4164,19.43413,130.9816
-199.4164,19.43413,130.9816
-199.4164,19.43413,130.9816
-199.4164,19.43413,130.9816
-199.4164,19.43413,130.9816
-199.4164,19.43413,130.9816
-199.4164,19.43413,130.9816
-199.4164,19.43413,130.9816
-199.4164,19.43413,130.9816
-199.4164,19.43413,130.9816
-199.4164,19.43413,130.9816
-199.4164,19.43413,130.9816
-199.4164,19.43413,130.9816
-199.4164,19.43413,130.9816
-199.4164,19.43413,130.9816
-199.4164,19.43413,130.9816
-199.4164,19.43413,130.9816
-199.4164,19.43413,130.9816
-199.4164,19.43413,130.9816
-199.4164,19.43413,130.9816
-199.4164,19.43413,130.9816
-199.4164,19.43413,130.9816
-199.4164,19.43413,130.9816
-199.4164,19.43413,130.9816
-199.4164,19.70236,130.9816
-199.4164,20.89705,130.9816
-199.4164,21.61693,130.9816
-199.1928,21.86494,130.9871
-198.1944,21.6886,131.0107
-196.4607,21.04538,131.0378
-194.703,19.92729,131.0643
-193.1211,18.51488,131.0882
-191.582,18.42305,131.3033
-190.2258,18.37367,132.0252
-189.4185,18.43134,133.0213
-188.9828,18.58333,134.3447
-188.7015,18.76557,135.7463
-188.243,18.8543,136.9008
-187.5084,18.67534,136.3856
-187.7616,18.47988,134.6236
-188.4283,18.2916,132.874
-188.4331,18.11467,131.4907
-187.9433,18.74254,130.2747
-187.1853,19.86696,128.977
-185.9651,20.50915,127.9197
-184.4648,20.67165,126.9725
-183.0734,20.40685,126.1205
-181.5358,19.66225,125.1871
-180.3235,19.69548,125.504
-179.2371,19.52532,127.0201
-178.3167,19.31729,128.6763
-178.0806,19.2834,128.9879
-178.0806,19.2834,128.9879
-178.0806,19.2834,128.9879
-178.0806,20.46758,128.9879
-178.0593,21.25878,128.9771
-177.4344,21.65965,128.6601
-176.1418,21.5925,128.0045
-174.5011,21.05952,127.1728
-172.8604,20.05173,126.341
-171.4082,19.63235,125.6
-170.1248,19.60116,124.982
-168.687,19.5671,124.3213
-167.1902,19.53622,123.7956
-165.6601,19.51852,123.38
-164.3763,19.28226,122.7873
-163.0132,19.92428,122.1147
-161.4528,20.9207,121.3384
-159.8923,21.44231,120.562
-158.2696,21.48441,119.7548
-156.7819,21.1097,119.0147
-155.1454,20.2443,118.2007
-153.6576,19.04555,117.4606
-152.1357,18.94214,116.7417
-150.7002,18.85034,116.0058
-149.2728,20.03916,115.2796
-147.7026,20.89364,114.4808
-146.1324,21.27332,113.682
-144.7049,21.20647,112.9559
-143.149,20.68646,112.1644
-142.098,21.63729,111.6677
-140.7075,22.52986,111.0256
-139.1324,22.95868,110.2988
-137.6686,22.9381,109.6218
-136.4968,22.70814,109.4517
-135.8775,22.30833,110.1049
-135.4574,21.75144,110.8037
-135.3824,21.75839,110.9529
-135.3824,21.75839,110.9529
-135.3824,21.75839,110.9529
-135.3824,21.75839,110.9529
-135.3824,21.75839,110.9529
-135.3824,21.75839,110.9529
-135.3955,21.76342,110.9656
-136.0145,21.89187,111.5526
-137.7026,21.96817,112.2968
-139.9213,21.7121,112.5806
-141.9182,20.96832,112.8244
-142.4317,20.8086,112.9226
-143.2672,20.57658,112.9797
-144.0096,20.07283,113.6209
-144.5015,20.45139,114.7311
-145.019,21.46878,116.0705
-145.7441,21.9973,117.5996
-146.475,22.06275,119.023
-147.2059,21.73579,120.4463
-147.9368,21.01644,121.8696
-148.7408,19.77193,123.4353
-149.9837,18.23673,125.1217
-151.1848,18.73782,126.1027
-152.5786,19.8635,127.1896
-153.9724,20.51439,128.2765
-155.3661,20.69046,129.3635
-156.6332,20.43851,130.3517
-157.9003,19.79417,131.3398
-159.0556,20.23098,132.3507
-160.4029,21.24826,133.2768
-162.2673,21.74834,133.849
-164.008,21.78946,134.2979
-165.9228,21.38148,134.7917
-167.8376,20.49869,135.2856
-168.5737,19.37923,136.5374
-168.5476,18.21474,137.4226
-168.4935,18.09146,137.8548
-168.4733,18.09117,137.8622
-167.517,18.23594,137.6764
-166.0067,18.4784,137.3364
-164.5911,18.79151,136.7277
-164.4788,19.01572,136.0063
-164.5577,19.46223,134.4735
-164.441,19.82281,132.5591
-163.8719,19.69018,130.2488
-163.3589,19.65025,128.3087
-163.2726,19.5573,127.8458
-163.4244,19.64041,128.695
-163.6856,20.72793,129.8936
-163.9776,21.62575,131.229
-164.2431,22.02993,132.443
-164.5352,22.0213,133.7784
-164.9977,21.53787,135.0559
-166.6308,20.57964,135.841
-168.4871,19.41814,136.2082
-168.7167,18.23092,137.5602
-168.2948,18.12041,137.8201
-167.3888,18.47942,136.8949
-166.0779,18.89832,135.8958
-165.6664,19.02497,135.5986
-166.1689,19.17282,134.9401
-166.9128,19.36075,134.0491
-166.8629,19.35377,134.0159
-166.2338,19.51438,133.3859
-165.0536,19.842,132.0639
-163.7975,19.69855,130.3859
-163.2211,19.64066,128.9239
-163.1684,19.61374,128.6666
-163.1684,19.61374,128.6666
-163.1684,19.61374,128.6666
-163.1608,19.6219,128.7738
-163.0044,19.65416,129.5749
-162.6745,20.93885,130.8841
-162.2961,21.72442,132.4161
-161.9143,22.00847,133.9729
-161.4739,21.86058,135.7464
-161.0335,21.23788,137.5199
-160.6331,20.25977,139.1321
-160.1927,18.73063,140.9056
-159.7973,17.98349,142.3267
-158.7158,17.98197,142.5412
-157.6839,17.97548,142.1647
-157.0271,17.97871,142.7776
-156.3706,17.98558,143.8132
-155.6256,17.97333,145.1203
-154.9243,17.94368,146.5168
-154.4338,17.91724,147.829
-154.4211,17.90041,148.8116
-154.421,17.8988,148.9058
-154.421,17.8988,148.9058
-154.421,17.8988,148.9058
-154.421,17.8988,148.9058
-154.421,17.8988,148.9058
-154.421,17.8988,148.9058
-154.421,17.8988,148.9058
-154.421,17.8988,148.9058
-154.421,17.8988,148.9058
-154.421,17.8988,148.9058
-154.421,17.8988,148.9058
-154.421,17.8988,148.9058
-154.421,17.8988,148.9058
-154.421,17.8988,148.9058
-154.421,17.8988,148.9058
-154.421,17.8988,148.9058
-154.421,17.8988,148.9058
-154.421,17.8988,148.9058
-154.421,17.8988,148.9058
-154.421,17.8988,148.9058
-154.421,17.8988,148.9058
-154.421,17.8988,148.9058
-154.421,17.8988,148.9058
-154.421,17.8988,148.9058
-154.421,17.8988,148.9058
-154.421,17.8988,148.9058
-154.421,17.8988,148.9058
-154.421,17.8988,148.9058
-154.421,17.8988,148.9058
-154.421,17.8988,148.9058
-154.421,17.8988,148.9058
-154.421,17.8988,148.9058
-154.421,17.8988,148.9058
-154.421,17.8988,148.9058
-154.421,17.8988,148.9058
-154.421,17.8988,148.9058
-154.421,17.8988,148.9058
-154.421,17.8988,148.9058
-154.421,17.8988,148.9058
-154.421,17.8988,148.9058
-154.421,17.8988,148.9058
-154.421,17.8988,148.9058
-154.421,17.8988,148.9058
-154.421,17.8988,148.9058
-154.421,17.8988,148.9058
-154.421,17.8988,148.9058
-154.421,17.8988,148.9058
-154.421,17.8988,148.9058
-154.421,17.8988,148.9058
-154.421,17.8988,148.9058
-154.421,17.8988,148.9058
-154.421,17.8988,148.9058
-154.421,17.8988,148.9058
-154.421,17.8988,148.9058
-154.421,17.8988,148.9058
-154.421,17.8988,148.9058
-154.421,17.8988,148.9058
-154.421,17.8988,148.9058
-154.421,17.8988,148.9058
-154.421,17.8988,148.9058
-154.421,17.8988,148.9058
-154.421,17.8988,148.9058
-154.421,17.8988,148.9058
-154.421,17.8988,148.9058
-154.421,17.8988,148.9058
-154.421,17.8988,148.9058
-154.421,17.8988,148.9058
-154.421,17.8988,148.9058
-154.421,17.8988,148.9058
-154.421,17.8988,148.9058
-154.421,17.8988,148.9058
-154.421,17.8988,148.9058
-154.421,17.8988,148.9058
-154.421,17.8988,148.9058
-154.421,17.8988,148.9058
-154.421,17.8988,148.9058
-154.421,18.16703,148.9058
-154.421,19.27273,148.9058
-154.421,20.03578,148.9058
-154.421,20.32402,148.9058
-154.421,20.17404,148.9058
-154.421,19.55584,148.9058
-154.421,18.46284,148.9058
-154.4196,17.88428,148.9086
-154.4196,17.88428,148.9086
-154.4196,17.88428,148.9086
-154.4196,17.88428,148.9086
-154.4196,17.88428,148.9086
-154.4196,17.88428,148.9086
-154.4196,17.88428,148.9086
-154.4196,18.75441,148.9086
-154.4196,19.73328,148.9086
-154.4196,20.23734,148.9086
-154.4196,20.26661,148.9086
-154.4196,19.82106,148.9086
-154.4196,19.004,148.9086
-154.4181,17.88133,148.9117
-154.4181,17.88133,148.9117
-154.3606,17.89725,148.9263
-153.911,17.89226,149.0398
-154.6893,17.90196,148.852
-155.8586,17.91658,148.5681
-157.3097,17.93472,148.2153
-158.9571,19.12255,147.8141
-160.4688,19.91628,147.4459
-162.1617,20.33415,147.0334
-163.9073,20.2737,146.6077
-165.4942,19.80673,146.2207
-167.2398,18.83983,145.7951
-168.4883,18.73725,145.4783
-169.8092,18.86659,145.3113
-171.0263,19.10485,145.7097
-172.2381,19.18417,146.4191
-173.4825,19.23746,146.7726
-174.9571,19.21185,146.6738
-176.328,19.17122,146.4072
-177.8458,19.11897,146.0486
-179.3683,19.06152,145.6701
-180.7543,19.00789,145.3318
-181.6143,18.91232,145.2697
-181.674,18.89688,145.2902
-181.674,18.89688,145.2902
-181.652,18.89176,145.1169
-181.4258,18.88094,143.7204
-181.1421,18.70201,141.8858
-181.4946,18.78136,139.8548
-182.9851,19.0518,138.2634
-184.8296,18.90514,136.6145
-186.809,18.36554,134.8248
-188.3164,18.3011,133.0217
-189.666,18.22194,131.469
-191.5662,18.32015,130.6462
-193.3971,18.55333,130.7545
-193.9703,18.59989,130.6165
-193.9888,18.5926,130.5548
-193.9482,18.58003,130.5043
-193.9465,18.5795,130.5022
-193.9465,18.5795,130.5022
-193.9465,18.5795,130.5022
-193.9465,18.5795,130.5022
-193.9465,18.5795,130.5022
-193.9465,19.66292,130.5022
-193.9465,20.49394,130.5022
-193.9465,20.95484,130.5022
-193.9465,20.94094,130.5022
-194.1337,20.51628,130.6708
-195.2488,19.59593,131.7932
-196.5781,19.26865,133.1902
-197.8539,19.64028,134.4037
-198.2177,19.65731,134.6375
-198.2177,19.65731,134.6375
-198.9579,19.7581,134.804
-200.3629,20.06807,134.5909
-201.8497,20.69548,134.0364
-202.9789,21.29904,133.8868
-204.39,21.89441,134.1669
-205.6523,22.4684,134.6233
-206.0951,23.25977,135.0072
-206.3038,23.58671,135.1199
-206.2752,23.49559,135.0041
-206.0322,22.93629,134.6049
-205.1001,22.18542,134.3485
-204.5161,22.02528,133.8632
-204.164,22.1295,133.1134
-203.4608,21.87142,132.6373
-203.4297,21.80611,132.2448
-203.7587,21.99182,131.8341
-203.9718,22.06621,131.1866
-203.9405,21.89391,130.4716
-203.8621,21.66036,129.6235
-203.5803,21.2566,128.839
-202.9327,20.83543,128.3876
-201.9424,20.43589,128.6566
-201.041,20.18207,129.4733
-200.1554,19.76547,130.4211
-198.9813,19.9578,131.2208
-197.5633,21.02729,132.0398
-196.2384,21.58577,132.8005
-194.677,21.7418,133.6844
-193.1012,21.42232,134.5748
-191.6687,20.71986,135.3843
-190.093,19.49394,136.2747
-188.6219,18.91446,136.9239
-187.3193,18.78394,137.4197
-186.0141,18.6802,138.1203
-185.2108,18.69318,139.131
-184.4976,18.75415,140.4013
-183.7544,18.80921,141.6611
-182.5925,18.7467,142.5098
-181.2084,18.78087,143.0854
-179.8588,18.82881,143.458
-178.3459,18.87849,143.8149
-176.9617,18.92268,144.1224
-175.4139,19.10147,144.4254
-173.8571,20.25099,144.6906
-172.1445,21.06225,144.9823
-170.4094,21.39702,145.2785
-168.6141,21.25249,145.5869
-166.9821,20.70908,145.8672
-165.1868,19.65811,146.1755
-163.5547,18.29066,146.4558
-161.8353,19.26883,146.5811
-160.0954,20.15288,146.7076
-158.3555,20.56214,146.8342
-156.7127,20.51442,147.0847
-154.8882,20.00633,147.4049
-153.2052,19.12911,147.7576
-151.4413,18.08206,148.2843
-150.5591,18.33559,149.2766
-149.8869,18.20402,150.2189
-149.7549,18.18558,150.477
-149.7549,19.269,150.477
-149.7065,20.158,150.5392
-149.247,20.52372,151.1294
-148.2313,20.43545,152.4341
-147.2157,19.93641,153.7389
-146.0985,18.93425,155.1742
-145.0424,17.83839,156.5606
-144.4137,17.81498,157.7894
-143.8055,18.55438,159.326
-143.2426,19.49917,160.7997
-142.6234,20.08522,162.4207
-142.0448,20.20193,163.9542
-141.4039,19.87597,165.6575
-140.7631,19.0752,167.3608
-140.1281,17.81319,169.0487
-139.5443,18.81918,170.4466
-138.9023,19.74891,172.0191
-138.2507,20.20111,173.6289
-137.5877,20.17523,175.2834
-136.985,19.73969,176.7874
-136.322,18.80737,178.4419
-136.3396,18.23773,179.8149
-137.0117,17.98403,180.9785
-137.8659,17.81005,182.1987
-137.919,17.74924,182.8452
-137.5406,17.69671,183.8181
-137.1739,17.62529,185.039
-136.7362,17.58516,186.4848
-136.176,17.60151,187.7663
-135.9794,17.59715,188.1152
-135.9235,17.58696,188.125
-135.9028,17.58231,188.1198
-135.9028,17.58231,188.1198
-135.838,17.5715,188.1409
-135.0022,17.52479,188.3416
-133.7966,17.69948,188.7499
-132.5186,17.561,189.2696
-130.9702,17.63729,189.3353
-129.5596,17.72837,188.7762
-128.9072,17.80117,187.6429
-128.4069,17.87582,186.2371
-127.3872,17.91079,185.4301
-125.9549,17.86235,184.948
-124.5608,17.80866,184.6859
-123.0843,18.0244,184.4784
-121.6658,18.26428,184.3076
-120.3438,18.59415,183.9601
-119.3394,18.86283,183.2294
-118.4062,19.1161,182.2183
-117.5401,19.08849,181.0128
-116.7512,19.14473,179.8721
-115.823,19.21319,178.6446
-115.0045,19.38382,177.4409
-114.67,19.57691,176.3534
-114.0806,19.60059,175.6602
-113.538,20.2794,174.783
-112.8486,21.28757,173.7475
-111.9072,21.94913,172.401
-110.8757,22.13874,170.9533
-109.8442,21.85355,169.5056
-108.9064,21.18226,168.1895
-108.4963,20.34894,166.6087
-108.8003,19.37186,164.8289
-108.7365,18.98175,163.539
-108.3385,18.95947,162.5425
-107.5413,20.02072,161.4876
-106.5968,20.90701,160.2692
-105.5019,21.3219,158.9196
-104.3467,21.26335,157.5176
-103.2965,20.79809,156.243
-102.1413,19.83309,154.841
-101.0101,18.97474,153.5135
-99.80628,18.97577,152.4683
-98.54494,19.43843,151.7371
-97.01275,20.60108,150.9759
-95.48056,21.28892,150.2147
-94.02724,21.50225,149.5016
-92.41196,21.2837,148.7114
-90.79669,20.59036,147.9212
-89.21871,19.6012,147.1486
-87.96582,19.54613,147.2678
-86.88658,19.58155,147.8282
-85.81011,19.57079,147.8885
-84.9132,19.41059,147.7555
-83.75252,19.40032,147.748
-82.37836,19.51312,148.0305
-81.01656,19.64787,148.5658
-79.45577,20.26303,149.197
-77.97117,21.19509,149.7853
-76.3381,21.76714,150.4323
-75.79501,21.72109,151.4969
-75.34177,21.1964,152.8792
-75.19299,20.29299,153.8961
-75.08696,20.14552,153.7609
-75.18831,20.05696,153.5104
-75.87152,20.03482,153.023
-76.66395,19.7333,151.8965
-78.13217,19.56159,151.2265
-79.97691,19.52435,151.3146
-81.89526,20.09661,151.4878
-82.32035,21.06765,151.2602
-82.53703,21.56744,151.029
-82.74557,21.73401,150.8224
-82.76155,21.51654,150.5149
-83.11959,20.80828,150.0887
-83.83946,20.03341,149.451
-84.88255,20.05209,148.7892
-85.37163,20.46238,149.234
-85.11631,20.76338,149.7948
-84.45601,20.82718,149.8966
-83.54211,20.43081,149.8393
-82.3627,19.71759,149.6804
-81.99634,19.79932,150.5169
-81.76346,20.02811,151.4617
-81.00224,20.02017,152.1325
-80.03359,19.81862,152.2275
-78.78334,19.565,152.0555
-78.05788,19.58069,152.1005
-77.61316,19.5899,152.1023
-77.41346,19.59662,152.1044
-77.58812,19.59293,152.1033
-78.1752,19.57544,151.9941
-79.93709,19.67715,151.8478
-82.06183,20.8119,151.8941
-82.71746,22.23022,151.7
-82.42367,23.26933,151.3004
-81.36061,23.82644,150.6895
-79.76556,23.99622,149.8711
-78.28812,23.73919,149.1176
-76.58351,23.09128,148.4667
-76.58767,22.86867,147.7703
-76.4248,22.26958,147.4678
-76.32082,22.80385,147.3202
-75.79532,23.80824,147.2274
-74.53992,24.3556,147.6388
-73.24973,24.44973,148.793
-72.22397,24.15169,150.8723
-73.14853,23.6488,152.1067
-75.13432,22.68713,153.3251
-77.24257,21.21122,154.5185
-78.54878,21.18994,153.7087
-79.87344,21.19463,153.4758
-80.83882,20.94827,152.8477
-81.27829,20.36504,151.3768
-80.95076,19.55355,149.0405
-80.56325,19.45768,147.7631
-80.46834,19.43618,147.5148
-80.45399,19.43377,147.5004
-80.45399,19.43377,147.5004
-80.30344,20.62382,147.5712
-79.47504,21.44543,147.9529
-77.92789,21.91492,148.6346
-76.63998,21.96078,149.4547
-76.24435,21.67315,150.7371
-75.83096,21.00649,152.0337
-75.74081,20.13177,153.3451
-75.69763,20.05655,153.1807
-75.93035,19.99632,152.9045
-75.94283,19.99272,152.8889
-76.17671,20.02506,152.8055
-77.21117,20.09418,152.4644
-78.30016,19.57171,152.022
-78.19794,19.55935,151.3229
-77.41052,19.65455,150.774
-76.94548,20.00616,150.6393
-76.91898,20.04278,150.6741
-77.09932,19.6874,150.7862
-77.13363,19.68253,150.8049
-77.10238,19.67477,150.9103
-76.75172,19.63582,152.039
-76.31754,20.13555,152.7551
-75.78973,20.42962,153.901
-76.42117,20.69779,154.0538
-77.58304,20.90213,153.7307
-78.78326,21.27001,153.7248
-78.83059,21.82055,154.3651
-78.56076,22.14,154.6265
-78.22394,22.02521,154.5688
-77.84967,21.51893,154.3857
-77.5456,21.04004,154.0431
-78.14866,21.36046,154.2311
-78.7674,21.58819,154.2185
-79.21339,21.63616,154.1992
-79.14673,21.61202,154.1979
-78.66993,21.45934,154.1923
-77.93627,21.23379,154.1958
-76.91243,20.91336,154.1872
-75.8768,20.58191,154.1631
-75.00644,20.0731,153.6486
-74.9821,20.03322,153.5939
-75.57655,20.064,153.2744
-76.78001,20.13574,152.6187
-78.18842,19.81672,152.2861
-79.62221,19.54013,151.6937
-81.55708,19.75874,150.9416
-82.33838,20.55139,150.0816
-83.66663,20.98945,148.9052
-85.65086,20.96959,147.5553
-87.84554,20.4945,146.065
-90.02026,19.55521,144.5882
-91.63194,19.60838,143.1808
-92.19638,19.43255,142.479
-92.04784,19.44195,142.3172
-91.75878,19.46364,142.0014
-91.12766,19.55806,141.3141
-90.07838,19.47314,140.0816
-89.06332,19.37532,138.342
-88.09925,19.52119,137.2735
-86.50912,19.72148,136.2306
-84.70903,19.45141,134.5828
-83.34862,19.40298,133.9231
-82.24931,19.41287,134.3203
-81.66508,19.68491,135.3976
-81.16079,20.87595,136.8589
-80.58779,21.59257,138.3752
-79.94828,21.83268,139.8487
-79.30253,21.68043,141.3271
-78.54427,21.05981,142.9548
-77.51893,20.98419,143.8926
-76.35007,21.07964,144.2045
-75.8735,21.45325,143.8221
-75.59299,21.36607,143.3979
-75.38904,20.91919,143.2841
-74.71362,20.70061,143.3918
-74.74231,20.59631,143.3282
-74.71692,20.59021,143.34
-74.72818,20.58861,143.3364
-74.72771,20.58867,143.3365
-74.72781,20.58866,143.3365
-74.7298,20.58838,143.3359
-74.73074,20.58825,143.3356
-74.73227,20.58807,143.3351
-74.73373,20.58862,143.334
-74.73386,20.58891,143.3349
-74.73349,20.58855,143.335
-74.73059,20.5885,143.3357
-74.73163,20.58814,143.3352
-74.73364,20.58853,143.334
-74.7265,20.58885,143.3369
-74.77502,21.66549,143.4104
-75.138,22.40976,143.9566
-75.95798,22.64736,145.1896
-76.77381,22.40166,146.5744
-76.73824,21.69277,148.2835
-77.34806,21.02759,149.6287
-76.81534,19.88808,151.0831
-76.57866,19.65446,152.1182
-76.65586,19.61243,151.8625
-76.9599,19.69421,150.9989
-77.46194,19.7871,149.7761
-78.76525,19.7485,148.4859
-80.42133,19.43124,147.9048
-82.18324,19.48146,146.8433
-84.02779,19.41785,145.3126
-85.04523,19.46313,143.3104
-85.56605,19.49224,141.3111
-85.50455,20.52146,138.9275
-85.41422,21.44605,136.4142
-84.79572,21.88573,133.6925
-83.9532,21.86748,131.1515
-83.02644,21.39418,128.3563
-82.01305,20.50191,125.634
-79.67882,20.51569,124.8841
-77.80493,20.6763,125.0563
-75.90846,20.56164,125.7634
-74.33316,20.23467,126.4966
-73.54924,20.60051,126.7291
-73.09598,20.71807,126.7922
-72.97993,21.01893,126.4126
-73.17067,21.06515,125.1331
-73.38313,20.81874,123.4959
-72.79797,20.63328,122.988
-72.62476,20.76214,124.1454
-72.98813,21.05459,125.7224
-72.9418,20.88355,127.0183
-72.91803,21.16256,127.3854
-72.2616,21.157,127.1533
-71.54025,20.93863,126.6513
-71.16916,20.72148,125.8495
-71.09126,20.66753,125.5999
-71.11639,20.66548,125.5504
-71.29239,20.54355,124.4386
-71.11481,20.44485,123.9825
-71.93541,20.7061,124.7031
-72.71016,20.99407,125.6774
-73.66516,21.04757,126.4147
-75.83157,20.18687,127.0468
-77.88087,19.52805,127.2978
-79.92961,19.41679,127.0367
-80.65215,19.32398,126.9084
-80.809,19.3912,127.5147
-80.98197,19.52265,128.7329
-81.18218,19.64201,130.1395
-81.90645,19.52878,131.2044
-83.07253,19.43078,132.125
-83.90489,19.40767,133.3832
-84.52062,19.42328,134.6501
-85.30268,19.31609,136.0032
-86.21769,19.32438,137.2852
-87.06766,19.37495,138.4299
-88.0025,19.4305,139.6871
-88.90681,19.47923,140.7857
-89.9957,19.52952,141.9123
-91.04572,19.60793,143.0625
-92.04406,19.52031,144.2311
-93.07982,19.42772,145.4155
-94.03605,19.34377,146.4963
-95.15329,19.24775,147.6301
-96.31735,19.18824,148.7157
-97.46402,19.07153,149.7859
-98.34858,19.12604,150.8339
-99.28056,19.1313,152.012
-100.3025,18.96741,153.1986
-101.3002,18.96226,154.2274
-102.3967,18.99981,155.3568
-103.366,19.01535,156.3816
-104.4724,18.98805,157.4218
-105.6668,19.0659,158.3327
-106.8987,18.85477,159.321
-108.0427,18.8776,160.3683
-109.0717,18.7122,161.3304
-110.2319,18.79142,162.311
-111.2891,18.73369,163.2887
-112.35,18.90353,164.371
-113.5934,18.70159,165.6271
-114.7243,18.64427,166.7779
-115.6681,18.7055,167.7833
-116.0099,18.72024,168.1853
-116.0181,18.71946,168.2058
-116.2142,18.72296,168.4225
-116.951,18.73618,169.2385
-117.3597,18.74158,169.7153
-117.3735,18.74067,169.7448
-117.3735,18.74067,169.7448
-117.3735,18.74067,169.7448
-117.3735,18.74067,169.7448
-117.3735,18.74067,169.7448
-117.3735,18.74067,169.7448
-117.3735,18.74067,169.7448
-117.3735,18.74067,169.7448
-117.3735,18.74067,169.7448
-117.3735,18.74067,169.7448
-117.3735,18.74067,169.7448
-117.3735,18.74067,169.7448
-117.3735,18.74067,169.7448
-117.3735,18.74067,169.7448
-117.3735,18.74067,169.7448
-117.3735,18.74067,169.7448
-117.3735,18.74067,169.7448
-117.3735,18.74067,169.7448
-117.3735,18.74067,169.7448
-117.3735,18.74067,169.7448
-117.3735,18.74067,169.7448
-117.3735,18.74067,169.7448
-117.3735,18.74067,169.7448
-117.3735,18.74067,169.7448
-117.3735,19.0089,169.7448
-117.3735,20.20359,169.7448
-117.3735,20.92347,169.7448
-117.3735,21.16855,169.7448
-117.3735,20.93883,169.7448
-117.3735,20.31797,169.7448
-117.3735,19.1818,169.7448
-117.3284,18.73307,169.7787
-117.2833,18.72547,169.8126
-117.2833,18.72547,169.8126
-117.2833,18.72547,169.8126
-117.2833,18.72547,169.8126
-117.2833,18.72547,169.8126
-117.2833,18.72547,169.8126
-117.2833,18.72547,169.8126
-117.2833,18.72547,169.8126
-117.2833,18.72547,169.8126
-117.2833,18.72547,169.8126
-117.2833,18.72547,169.8126
-117.2833,18.72547,169.8126
-117.2833,18.72547,169.8126
-117.2833,18.72547,169.8126
-117.2833,18.72547,169.8126
-117.1053,18.72516,169.5797
-116.3031,18.70054,168.8169
-115.2512,19.3184,167.9782
-114.0123,20.37847,166.9903
-112.6969,20.96171,165.9324
-111.3139,21.068,164.807
-110.0179,20.75115,163.7409
-108.5924,19.94938,162.5681
-107.3095,18.82166,161.5127
-106.2801,18.94414,160.4113
-105.322,19.01323,159.2719
-104.9405,19.09003,157.9169
-104.5518,18.90748,156.6931
-104.0974,18.99055,156.0035
-103.9844,20.17223,155.8521
-103.5443,20.94603,155.3368
-102.6065,21.3081,154.2631
-101.5098,21.27157,153.0112
-100.2976,20.77793,151.6276
-99.08545,19.80949,150.2441
-97.80379,19.53981,149.0508
-96.34865,20.66775,148.0766
-94.8935,21.32089,147.1024
-93.54762,21.50239,146.2101
-92.00804,21.2482,145.2114
-90.46847,20.51921,144.2127
-89.16399,19.70593,142.9336
-88.02644,20.85436,141.062
-86.61408,21.66297,139.0421
-84.47223,21.9908,137.4755
-82.29369,21.84265,137.1148
-80.85526,21.29594,137.9196
-80.02291,20.35683,139.7533
-80.86276,19.37856,141.7155
-81.20854,19.37875,142.8892
-80.61101,19.35489,144.0715
-79.98507,19.38839,144.746
-79.62676,19.36647,145.4107
-79.68771,19.48218,145.9084
-79.88243,19.38466,146.4195
-79.94714,19.39746,146.927
-79.98067,19.40336,147.1891
-79.95152,19.40098,146.9738
-79.89191,19.38564,146.4942
-79.57134,19.37429,145.5232
-80.50195,19.35027,145.4861
-82.17953,19.37831,145.4019
-84.22517,19.43331,144.5931
-86.26741,19.48924,143.5348
-87.6254,19.53222,142.1565
-88.71877,19.52588,141.8887
-89.99634,19.53072,141.9404
-91.17431,19.61593,142.6186
-92.56779,20.58033,143.3177
-94.32238,21.46592,143.835
-96.02912,21.83943,144.0859
-97.69118,21.76203,143.5482
-98.11299,21.2786,142.5693
-97.22269,20.29361,141.4688
-96.21712,20.31791,141.0168
-95.55251,20.50986,140.8235
-95.83564,20.47674,140.7477
-96.87246,20.41166,140.2872
-96.99339,20.67146,139.3641
-96.48077,21.03605,138.5662
-95.84998,21.29047,138.2097
-94.74511,21.25071,138.9995
-93.95769,21.12211,139.8665
-93.6797,21.13881,139.9926
-93.63261,21.31433,139.3897
-94.87589,21.32694,138.6962
-95.93877,21.23011,138.3314
-96.0529,21.22407,138.2794
-95.4873,21.40908,138.0013
-94.84538,21.34312,137.2065
-94.70663,21.62559,136.399
-94.28654,21.73561,136.1685
-93.79848,21.42362,136.2105
-93.71458,21.29461,137.1222
-94.24536,21.32086,138.6432
-93.71632,21.29852,139.4281
-92.86922,21.26169,138.4547
-92.45924,21.24045,136.8747
-93.45713,21.43255,136.1379
-94.61977,21.68005,136.2968
-95.61459,21.48122,136.9099
-96.08145,21.39592,137.2511
-96.08958,21.39629,137.2588
-95.85255,21.42832,136.5461
-95.77583,21.63702,136.565
-94.99306,21.35135,137.0079
-93.8386,21.30033,137.3044
-92.40576,21.23948,137.4303
-91.02593,21.22618,137.9844
-89.60023,21.88881,138.7346
-88.24319,22.82354,139.4632
-86.74268,23.39734,140.2778
-85.34681,23.50213,141.0724
-83.81135,23.16418,141.9463
-82.27589,22.35142,142.8203
-80.74043,21.06386,143.6943
-80.19581,19.45421,144.7805
-81.131,19.35206,145.6345
-82.87462,19.37544,146.2062
-84.82695,19.41624,146.1579
-86.15417,19.44785,145.9419
-87.36247,19.48989,146.5637
-88.64833,19.57185,146.8676
-90.17582,19.641,146.8188
-91.5451,19.66214,146.5663
-92.70733,20.1552,145.4543
-93.81168,21.20058,144.1482
-94.81563,21.73891,142.961
-95.89178,21.87387,141.4683
-96.3863,21.51943,139.4304
-96.14146,21.25835,138.1254
-96.08,21.33805,137.9307
-95.50882,21.37278,137.7038
-95.25655,21.36167,137.6535
-95.0888,21.35447,137.6372
-94.06117,21.31038,137.5373
-93.03168,21.26565,137.1989
-92.50475,21.24124,136.3866
-93.13499,21.3605,136.16
-93.94753,21.3038,136.7647
-94.33178,21.32163,137.4099
-94.10877,21.31042,136.6924
-93.4383,21.66175,136.0115
-92.66936,21.72756,135.8936
-91.85018,21.31856,135.954
-91.5407,21.19985,136.2804
-92.19541,21.23098,137.6284
-92.83416,21.2607,138.6719
-93.58727,21.29236,138.4669
-93.12389,21.26969,137.243
-92.71355,21.25031,136.4547
-92.66487,21.24803,136.3673
-92.66487,21.24803,136.3673
-92.52708,21.24235,136.4514
-91.66454,21.20678,136.9785
-90.62032,21.19171,137.6679
-89.31104,22.45764,138.6114
-87.99008,23.24744,139.5645
-86.86729,23.57427,140.3642
-86.74365,23.52089,140.394
-87.65025,23.08189,139.6257
-89.0872,22.31404,138.6054
-91.08275,21.1497,138.2371
-91.4577,21.17213,138.6154
-91.23272,21.15537,138.5375
-90.32166,21.11415,137.3528
-90.50824,21.18415,136.227
-91.62421,21.20385,136.4582
-92.03103,21.22191,136.7603
-91.72879,21.20915,136.8199
-91.06346,21.17941,136.2512
-90.99324,21.1763,136.2041
-91.58694,21.20358,137.0241
-91.90985,21.21873,137.6031
-91.3997,21.19582,138.0145
-90.83864,21.14861,137.6641
-90.78774,21.14521,137.6338
-90.42119,21.106,137.8951
-89.50812,21.56818,138.5463
-88.33592,22.65658,139.3869
-87.10011,23.23913,140.512
-86.54974,23.37754,141.8965
-86.91216,23.18639,142.7533
-87.93465,22.69203,142.8171
-88.55704,21.70975,141.7504
-88.65723,20.20914,139.9844
-88.55344,19.67136,138.9743
-88.69901,20.78839,139.0004
-89.43486,21.64592,138.7978
-91.22893,22.17634,138.1445
-93.46361,22.33015,137.2875
-95.82235,22.16241,136.3118
-97.66006,22.21456,135.6993
-98.54733,22.55022,136.0034
-98.99915,22.36832,136.6872
-98.73788,21.57507,137.6749
-97.94804,20.77353,138.4354
-96.69974,21.86059,138.9224
-95.34332,22.68268,139.2604
-93.37303,23.13232,138.7923
-91.58165,23.19268,137.1504
-90.78585,22.91161,134.8662
-91.07654,22.46685,133.2677
-91.25768,22.32907,133.5102
-91.36443,21.64997,134.1826
-91.50491,21.15267,135.1362
-91.80856,21.20913,135.7523
-91.84894,21.21204,135.8763
-91.84894,21.21204,135.8763
-91.84894,21.21204,135.8763
-91.84894,21.21204,135.8763
-91.9928,21.21868,136.0844
-92.53015,21.24344,136.8588
-92.63428,21.24825,137.0131
-92.63428,21.24825,137.0131
-92.63428,21.38433,137.0131
-92.483,22.49901,137.1256
-91.71169,23.15085,137.7022
-90.49966,23.22903,138.6124
-89.07775,22.84404,139.6805
-87.65584,21.98424,140.7487
-87.37717,21.59831,140.9682
-87.86992,20.97303,140.5383
-88.13728,19.8238,140.2913
-88.839,19.47259,140.6334
-90.43056,19.49488,141.0791
-91.94166,19.57366,142.2008
-93.11976,19.36152,143.1848
-93.82773,19.28961,143.317
-93.30206,19.713,143.1271
-92.35303,20.8628,141.9335
-91.4455,21.49605,139.8295
-90.4449,21.73982,137.309
-90.23959,21.58624,134.956
-91.12322,21.95566,133.9808
-91.49075,22.07477,133.9986
-91.76594,21.86255,134.6349
-92.0904,21.50193,136.2592
-92.52674,21.24649,138.2123
-92.11822,21.2286,138.0173
-91.13637,21.18369,136.7441
-91.49536,21.20366,135.8135
-92.04203,21.63021,135.6416
-92.14299,21.75812,135.6419
-92.03411,21.4455,135.7963
-91.74548,21.20806,136.0555
-91.71268,21.20671,136.0788
-91.10115,21.18159,136.4924
-90.55681,21.5694,137.4886
-90.03761,22.71186,138.8326
-89.05893,23.3008,139.9394
-87.12893,23.49057,140.1824
-85.15907,23.23577,139.7593
-84.29952,22.59519,138.8202
-84.50014,21.62543,138.5903
-85.66022,20.10548,139.3565
-86.81152,19.45084,140.2217
-87.06625,19.45899,140.4004
-87.06625,19.45899,140.4004
-87.06625,19.45899,140.4004
-87.06625,19.45899,140.4004
-87.06625,19.45899,140.4004
-87.06625,19.45899,140.4004
-87.06625,19.45899,140.4004
-87.06625,19.45899,140.4004
-87.06625,19.45899,140.4004
-87.06625,19.45899,140.4004
-87.06625,19.45899,140.4004
-87.06625,19.45899,140.4004
-87.06625,19.45899,140.4004
-87.06625,19.45899,140.4004
-87.06625,19.45899,140.4004
-87.06625,19.45899,140.4004
-87.06625,19.45899,140.4004
-87.06625,19.45899,140.4004
-87.06625,19.45899,140.4004
-87.06625,19.45899,140.4004
-87.06625,19.45899,140.4004
-87.06625,19.45899,140.4004
-87.06625,19.45899,140.4004
-87.06625,19.45899,140.4004
-87.06625,19.45899,140.4004
-87.06625,19.45899,140.4004
-87.06625,19.45899,140.4004
-87.06625,19.45899,140.4004
-87.06625,19.45899,140.4004
-87.06625,19.45899,140.4004
-87.06625,19.45899,140.4004
-87.06625,19.45899,140.4004
-87.06625,19.45899,140.4004
-87.06625,19.45899,140.4004
-87.06625,19.45899,140.4004
-87.06625,19.45899,140.4004
-87.06625,19.45899,140.4004
-87.06625,19.45899,140.4004
-87.06625,19.45899,140.4004
-87.06625,19.45899,140.4004
-87.06625,19.45899,140.4004
-87.06625,19.45899,140.4004
-87.06625,19.45899,140.4004
-87.06625,19.45899,140.4004
-87.06625,19.45899,140.4004
-87.06625,19.45899,140.4004
-87.06625,19.45899,140.4004
-87.06625,19.45899,140.4004
-87.06625,19.45899,140.4004
-87.06625,19.45899,140.4004
-87.06625,19.45899,140.4004
-87.06625,19.45899,140.4004
-86.46263,19.45013,140.2218
-85.62666,19.43775,139.9721
-85.53561,19.43627,139.9418
-85.53561,19.43627,139.9418
-85.53561,19.43627,139.9418
-85.53561,19.43627,139.9418
-85.32449,19.43317,139.8793
-84.30436,19.41819,139.5775
-82.9408,19.39817,139.174
-81.70679,19.38003,138.8085
-81.29774,19.37375,138.681
-81.28369,19.37346,138.6749
-81.28369,19.37346,138.6749
-81.28369,19.37346,138.6749
-81.28369,19.37346,138.6749
-81.28369,19.37346,138.6749
-81.28369,19.37346,138.6749
-81.28369,19.37346,138.6749
-81.28369,19.37346,138.6749
-81.28369,19.37346,138.6749
-81.28369,19.37346,138.6749
-81.28369,19.37346,138.6749
-81.28369,19.37346,138.6749
-81.28369,19.37346,138.6749
-81.28369,19.37346,138.6749
-81.28369,19.37346,138.6749
-81.28369,19.37346,138.6749
-81.28369,19.37346,138.6749
-81.28369,19.37346,138.6749
-81.28369,19.37346,138.6749
-80.49059,19.4354,138.1531
-80.14963,19.83671,137.3673
-80.15496,19.86135,136.455
-80.50504,19.48574,135.4694
-80.76612,19.47848,135.0787
-81.06512,19.45465,135.2725
-82.29639,19.40048,136.0895
-83.45229,19.44656,136.9937
-83.50336,19.35616,138.1619
-82.71394,19.3956,139.1246
-81.29167,19.38415,138.9252
-80.1227,19.8364,138.1705
-79.62048,20.47212,137.2718
-79.48022,20.67951,136.4472
-79.69997,20.46661,135.6362
-80.22781,19.77708,134.9749
-80.50079,19.50914,134.5961
-80.43442,19.57783,134.5898
-80.52225,19.50808,134.5909
-80.52225,19.50808,134.5909
-80.52225,19.50808,134.5909
-80.52225,19.50808,134.5909
-80.44784,19.51749,134.7311
-80.45187,19.49205,135.3519
-80.45963,19.45816,136.3422
-80.6081,19.41196,137.5614
-80.47114,19.38867,138.9819
-79.62801,19.49214,139.9995
-79.09131,19.70884,140.1291
-79.26318,19.57542,140.2398
-79.97807,19.42343,140.6874
-80.15849,19.39022,140.7859
-80.09931,19.41052,141.068
-80.17963,19.38338,141.1419
-80.02994,19.41167,140.9739
-79.15365,19.69198,140.0813
-78.8486,19.958,139.8061
-78.84853,19.95829,139.8054
-78.84853,19.95829,139.8054
-78.84853,19.95829,139.8054
-78.84853,19.95829,139.8054
-78.84853,19.95829,139.8054
-78.84853,19.95829,139.8054
-78.84853,19.95829,139.8054
-78.84853,19.95829,139.8054
-78.84853,19.95829,139.8054
-78.84853,19.95829,139.8054
-78.84853,19.95829,139.8054
-78.84853,19.95829,139.8054
-78.84853,19.95829,139.8054
-78.84853,19.95829,139.8054
-78.84853,19.95829,139.8054
-78.84853,19.95829,139.8054
-78.84853,19.95829,139.8054
-78.84853,19.95829,139.8054
-78.84853,19.95829,139.8054
-78.84853,19.95829,139.8054
-78.84853,19.95829,139.8054
-78.84853,19.95829,139.8054
-78.84853,19.95829,139.8054
-78.84853,19.95829,139.8054
-78.84853,19.95829,139.8054
-78.84853,19.95829,139.8054
-78.84853,19.95829,139.8054
-78.84853,21.04171,139.8054
-78.84853,21.93425,139.8054
-78.84853,22.33363,139.8054
-78.84853,22.31973,139.8054
-78.84853,21.89507,139.8054
-78.84853,20.97472,139.8054
-78.95236,19.87372,139.8752
-79.12036,19.74445,139.9882
-79.12036,19.74445,139.9882
-79.12036,20.01268,139.9882
-79.12036,21.20737,139.9882
-78.92153,21.87578,140.2874
-78.1925,22.1433,141.3847
-77.17182,21.92773,142.9209
-76.24393,21.31973,144.3174
-76.61665,21.44155,144.9998
-77.36836,21.06885,145.4504
-77.71546,20.96195,145.5993
-77.71924,20.96187,145.601
-77.71924,20.96187,145.601
-77.71924,20.96187,145.601
-77.71924,20.96187,145.601
-77.71924,20.96187,145.601
-77.71924,20.96187,145.601
-77.71924,20.96187,145.601
-77.571,20.96619,145.5024
-76.69343,21.01545,144.6134
-76.29517,21.00132,144.0327
-76.24963,20.99613,143.9735
-76.24963,20.99613,143.9735
-76.24963,21.51689,143.9735
-76.23637,22.62487,143.9935
-75.84756,23.24738,144.5787
-75.04341,23.38846,145.789
-74.21849,23.45494,147.0199
-73.6925,23.46148,148.0102
-74.64844,23.44085,149.0112
-75.41838,23.42082,149.6192
-75.46121,23.4196,149.6516
-75.46121,23.4196,149.6516
-75.46121,23.4196,149.6516
-75.84372,23.39106,149.907
-76.75424,22.74309,150.7054
-78.38463,21.35246,152.1293
-80.13064,20.23552,152.7187
-81.2598,20.06032,151.6076
-81.98293,19.86098,150.6747
-81.96523,19.77815,150.4537
-81.95544,19.76992,150.4425
-81.95544,19.76992,150.4425
-81.95544,19.76992,150.4425
-81.95544,19.76992,150.4425
-81.95544,19.76992,150.4425
-81.95544,19.76992,150.4425
-81.95544,19.76992,150.4425
-81.95544,19.76992,150.4425
-81.95544,19.76992,150.4425
-81.95544,19.76992,150.4425
-81.95544,19.76992,150.4425
-81.95544,19.76992,150.4425
-81.95544,19.76992,150.4425
-81.95544,19.76992,150.4425
-81.95544,19.76992,150.4425
-81.95544,19.76992,150.4425
-81.95544,19.76992,150.4425
-81.95544,19.76992,150.4425
-81.95544,19.76992,150.4425
-81.95544,19.76992,150.4425
-81.95544,19.76992,150.4425
-81.95544,19.76992,150.4425
-81.95544,19.76992,150.4425
-81.95544,19.76992,150.4425
-81.95544,19.76992,150.4425
-81.95544,19.76992,150.4425
-81.95544,19.76992,150.4425
-81.95544,19.76992,150.4425
-81.95544,19.76992,150.4425
-81.95544,19.76992,150.4425
-81.95544,19.76992,150.4425
-81.95544,19.76992,150.4425
-81.95544,19.76992,150.4425
-81.95544,19.76992,150.4425
-81.95544,19.76992,150.4425
-81.95544,19.76992,150.4425
-81.95544,19.76992,150.4425
-81.95544,19.76992,150.4425
-81.95544,19.76992,150.4425
-81.95544,19.76992,150.4425
-81.95544,19.76992,150.4425
-81.95544,19.76992,150.4425
-81.95544,19.76992,150.4425
-81.95544,19.76992,150.4425
-81.95544,19.76992,150.4425
-81.95544,19.76992,150.4425
-81.95544,19.76992,150.4425
-81.95544,19.76992,150.4425
-81.95544,19.76992,150.4425
-81.95544,19.76992,150.4425
-81.95544,19.76992,150.4425
-81.95544,19.76992,150.4425
-81.95544,19.76992,150.4425
-81.95544,19.76992,150.4425
-81.95544,19.76992,150.4425
-81.95544,19.76992,150.4425
-81.95544,19.76992,150.4425
-81.95544,19.76992,150.4425
-81.95544,19.76992,150.4425
-81.95544,19.76992,150.4425
-81.95544,19.76992,150.4425
-81.95544,19.76992,150.4425
-81.95544,19.76992,150.4425
-81.95544,19.76992,150.4425
-81.95544,19.76992,150.4425
-81.95544,19.76992,150.4425
-81.95544,19.76992,150.4425
-81.95544,19.76992,150.4425
-81.95544,19.76992,150.4425
-81.95544,19.76992,150.4425
-81.95544,19.76992,150.4425
-81.95544,19.76992,150.4425
-81.95544,19.76992,150.4425
-81.95544,19.76992,150.4425
-81.81157,19.70353,150.0095
-81.51331,19.6222,148.8524
-81.29375,19.95329,147.5141
-81.05013,21.08496,145.8934
-80.80216,21.74085,144.2412
-80.54845,21.91837,142.4704
-80.31842,21.66709,140.8389
-80.06539,20.93745,139.0443
-80.07673,19.96576,137.28
-80.77843,19.45332,135.8287
-81.37059,19.46268,134.4125
-81.32938,19.50179,133.2151
-80.4084,19.63205,132.447
-80.21519,19.94933,131.8357
-80.26005,19.85533,131.1621
-80.52942,19.62994,130.5863
-80.397,19.73181,130.2112
-79.96865,19.72954,129.8754
-79.42242,19.67142,129.2428
-78.85994,19.63627,128.6121
-78.31538,19.66532,128.0025
-77.70129,19.63648,127.614
-76.82098,19.88762,127.5161
-75.89191,20.0625,127.2196
-74.9866,20.08489,126.624
-74.16205,21.23786,126.1407
-73.04964,22.24243,125.6922
-71.54868,22.89332,125.0045
-69.94482,23.06774,124.2281
-68.34097,22.76736,123.4517
-66.8829,22.08227,122.7459
-66.48703,21.07403,121.8582
-66.47952,20.2856,120.6358
-66.38647,20.22626,119.6401
-66.11716,20.4091,118.6172
-65.75833,21.57527,117.56
-65.15007,22.40161,116.1167
-64.42172,22.75148,114.5238
-63.64023,22.62604,112.8711
-62.92978,22.09999,111.3686
-62.08008,21.25072,109.967
-60.93932,20.85522,110.0005
-59.31038,19.96735,110.2262
-58.01256,19.71369,109.9798
-58.30449,19.68658,109.0383
-58.90341,20.19275,108.0954
-59.19296,20.63409,107.8738
-59.06262,20.60952,107.8409
-58.49057,20.12546,107.7524
-57.60666,19.69514,107.8425
-56.72301,19.73796,107.3719
-56.30904,19.90841,106.1876
-56.06079,20.36428,105.3851
-55.21043,20.38293,104.4613
-53.76643,19.91581,104.5574
-52.33176,19.64995,105.6963
-51.70454,19.7484,105.9447
-52.24347,19.66012,106.0166
-53.7607,19.61281,106.1602
-55.83228,19.8102,106.0144
-57.27324,20.63172,106.4585
-59.54671,21.05538,107.5836
-61.17966,21.3793,108.9401
-61.98776,21.81076,110.7265
-62.70172,21.79097,112.3574
-63.48708,21.31598,114.1513
-64.45505,20.58162,115.5056
-66.01462,19.86334,115.6618
-67.50877,20.67817,115.8154
-69.16928,21.6261,115.9926
-71.14607,22.07584,115.8838
-73.42331,22.49454,115.8091
-73.86032,23.50694,116.7071
-73.58115,23.92363,117.6329
-72.92184,23.7709,118.873
-71.34329,23.14358,119.5461
-69.81366,22.22094,119.6323
-68.94034,21.00939,119.1802
-68.783,19.60403,117.9633
-69.65971,19.6556,116.307
-70.53333,19.94737,115.4282
-70.98924,19.84671,115.8904
-71.00848,19.68669,116.2201
-71.35565,20.08988,115.817
-71.26929,20.20085,115.6194
-71.26514,19.89382,116.0133
-71.26779,19.46105,116.8284
-71.42072,19.43592,117.6198
-71.46646,19.47925,117.4159
-71.28445,19.59265,116.8426
-71.28549,19.48573,116.831
-71.38934,19.40905,117.2905
-71.53854,19.54317,117.8454
-71.75685,19.74233,118.1838
-71.95969,19.93115,117.8488
-72.07538,20.0668,117.1178
-71.8866,20.19268,116.8063
-71.53415,19.85594,116.7586
-71.12581,19.42459,116.9331
-71.31274,19.48963,116.9163
-71.27145,19.4156,116.9202
-71.27003,19.41657,116.9143
-71.37967,19.39841,117.5672
-71.33881,19.37271,118.4643
-71.14969,19.39244,117.4922
-70.83862,19.57749,116.34
-70.81577,19.51462,116.4659
-70.77568,19.41906,117.6944
-70.75294,19.41861,118.0751
-69.70313,19.4957,118.2676
-69.05458,19.54338,118.3779
-69.09888,19.5401,118.3734
-69.90067,19.89748,118.2648
-71.23329,21.02963,118.0831
-72.871,21.67465,117.8585
-73.88286,22.07141,117.828
-73.91119,22.36649,117.9632
-73.80267,22.18677,117.9295
-73.60068,21.53224,117.7915
-73.15781,21.0105,117.7072
-73.04147,20.92738,117.7216
-72.96082,20.85406,117.7557
-72.28529,20.23055,117.9458
-71.37329,19.38918,118.1447
-70.50143,19.4334,118.7561
-69.60216,19.49527,119.6412
-68.54298,19.55645,120.6993
-67.68594,19.7232,121.864
-68.00252,20.01704,122.6995
-68.82481,20.02398,123.3365
-69.72748,20.11393,123.5525
-70.86096,20.38643,123.9191
-72.11824,20.68264,124.2825
-73.38635,20.9932,124.733
-74.48074,21.29661,125.2855
-75.77864,21.02328,125.8108
-77.38081,20.02966,126.38
-78.78213,19.4097,126.7717
-80.37304,20.39976,127.0633
-81.85772,21.26501,127.3314
-83.18021,21.76187,128.2496
-83.94887,21.80153,129.6502
-84.7944,21.39194,131.1909
-85.63992,20.50755,132.7315
-85.93473,19.58905,134.6594
-86.34032,19.54537,136.1855
-87.29539,20.72654,137.6638
-88.85624,21.40636,138.9265
-90.67721,21.60044,140.0735
-92.33263,21.36485,141.1163
-93.98806,20.73687,142.1591
-95.79247,19.60523,143.2957
-97.00642,19.19046,144.1326
-97.55698,19.34557,144.4091
-97.5387,19.36841,144.6736
-97.30058,19.09822,145.0332
-97.33198,19.09303,145.7321
-97.33199,19.0872,146.483
-97.32725,19.08326,147.1429
-97.33733,19.0871,147.5561
-97.48659,19.3638,148.0296
-98.13568,20.44675,148.9485
-99.14406,21.16003,150.2127
-100.284,21.38871,151.5595
-101.4788,21.14013,152.9009
-102.565,20.50214,154.1204
-103.7755,19.34642,155.4602
-104.8631,18.92976,156.3875
-106.2316,18.93659,156.7334
-107.4203,18.92598,156.9749
-108.7837,19.3751,157.3267
-110.1326,20.40177,157.7724
-111.6597,21.07869,158.3484
-113.1174,21.28531,159.0163
-113.5542,21.68149,160.0614
-113.8167,21.616,161.4721
-113.7874,21.17428,163.2049
-113.6951,20.37912,164.7947
-113.5935,19.05121,166.5435
-113.5697,18.55268,168.0622
-113.7246,18.55463,169.6453
-113.9859,18.82345,171.0925
-114.2679,18.89216,172.3696
-114.6411,20.18514,173.9427
-115.0183,21.00296,175.5313
-115.3882,21.33191,177.0852
-115.8415,21.20785,178.9869
-116.2192,20.67282,180.5717
-116.6347,19.63107,182.315
-117.1876,19.58517,183.8882
-117.8178,20.73347,185.4646
-118.3908,21.36536,186.8977
-118.9886,21.60347,188.3982
-119.6482,22.19903,190.0574
-120.2463,23.18701,191.5664
-120.9042,23.82057,193.2262
-121.9687,24.15097,194.0818
-122.4443,24.07866,194.3755
-122.5289,23.55292,194.2912
-122.4379,22.557,193.8763
-122.5153,21.20942,193.5226
-123.449,20.08401,193.6539
-124.6043,18.5662,193.9053
-124.9675,18.26313,193.6951
-125.0206,18.4789,193.2503
-125.3589,18.25121,192.8535
-125.6553,18.06141,192.6012
-125.6989,18.04395,192.5408
-125.6069,18.0743,192.6652
-125.5843,18.07782,192.7344
-125.5843,18.07782,192.7344
-125.5843,18.07782,192.7344
-125.5843,18.07782,192.7344
-125.5879,18.07797,192.7475
-125.8445,18.59502,193.4017
-126.2607,19.62353,194.5503
-126.8104,20.30243,196.0985
-127.4342,20.50645,197.7683
-128.0187,20.27963,199.3262
-128.528,20.21854,200.0684
-128.9144,20.12954,199.8808
-129.5721,19.58117,199.4589
-130.1682,18.57535,198.5408
-130.9707,17.59581,197.5819
-132.0588,17.77309,197.3536
-133.2941,17.97955,197.7368
-134.3965,18.16516,198.3259
-135.1543,18.29674,199.4574
-135.8695,18.42168,200.6618
-136.992,18.57388,201.4778
-138.1808,18.72425,201.3953
-139.5223,18.87403,201.4869
-140.3907,19.02234,202.2822
-141.3397,19.31022,203.1428
-142.4533,19.52274,203.3626
-143.6963,19.66362,203.0007
-144.9568,19.93534,203.054
-146.0973,20.17881,203.4809
-147.1019,20.35907,203.9745
-148.1986,20.54838,204.5452
-149.242,20.74131,204.7336
-150.4588,20.72834,204.2823
-151.5504,20.80007,204.1381
-152.1688,20.96584,204.9417
-152.6821,21.40728,205.9106
-153.1148,21.89003,206.8165
-153.338,22.33097,207.6735
-153.455,22.81423,208.6345
-153.5915,23.25663,209.4966
-153.746,23.81769,210.166
-154.1129,24.23582,210.6243
-154.7232,24.53745,210.9044
-155.5316,25.61686,211.2113
-156.8383,26.67322,211.7474
-158.2343,27.24907,212.3298
-159.4356,28.01879,212.6254
-160.6008,29.30612,212.716
-161.5913,30.28872,212.872
-162.0508,31.07844,212.9945
-162.3043,31.50873,213.1385
-162.2858,31.47788,213.2869
-161.9317,30.97927,213.423
-161.3253,30.11788,213.581
-160.331,28.87019,213.6169
-159.3395,28.14076,213.5304
-159.4349,29.03966,213.8584
-160.3546,30.02621,214.6495
-160.8622,30.92259,214.8275
-161.369,31.47394,214.8331
-161.7379,31.55468,214.5989
-161.8768,31.26391,214.118
-161.7515,30.61689,213.4457
-161.1882,29.72345,212.8031
-160.377,28.31366,212.1322
-158.8166,26.83704,211.8469
-157.9542,26.3251,211.8757
-158.1105,27.54033,212.2708
-159.0659,28.51093,213.0498
-160.3221,29.02401,213.9269
-160.8354,29.77075,213.9495
-161.2459,30.09052,213.8181
-161.2095,30.01001,213.5439
-160.9348,29.48247,213.1701
-160.3304,28.48911,212.6868
-159.7204,27.75176,212.1989
-159.6591,27.56986,211.9852
-159.4437,27.40297,211.606
-159.2197,27.46077,211.2878
-158.7866,27.13326,210.8911
-158.3465,26.98421,210.3746
-157.7598,26.75835,209.8792
-157.128,26.05975,209.3321
-156.0708,24.8229,208.3967
-154.9938,23.23381,207.4543
-154.0258,22.19677,206.7699
-152.8669,21.46866,206.0036
-151.6493,22.66911,205.7608
-149.9919,23.5434,205.9004
-148.1946,23.95052,206.3418
-146.3973,23.88284,206.7833
-144.7634,23.40928,207.1846
-142.9463,22.43685,207.6779
-141.1179,21.17181,208.2028
-139.7883,21.09477,208.3498
-138.726,21.12315,208.6969
-137.6727,21.3906,208.9931
-136.7355,21.68,209.1069
-135.892,21.89621,209.1415
-134.9712,22.13039,209.1766
-134.0573,22.36736,209.2183
-133.2529,22.47651,209.103
-132.7851,22.11642,208.3882
-133.2052,21.35133,207.3655
-133.7408,20.41711,206.1247
-133.7602,19.68428,205.0042
-133.1926,19.44942,204.3391
-132.4529,19.453,203.8813
-131.5625,19.83071,203.5512
-130.5378,20.52518,203.3048
-129.3054,21.51247,203.0591
-127.828,22.11264,202.781
-127.0178,22.23445,202.1656
-126.8701,21.88713,201.9255
-127.089,21.74057,202.3112
-127.6115,21.49654,201.3476
-128.5802,20.81199,200.4056
-129.606,19.68024,199.5103
-130.6776,18.01624,198.1136
-131.1141,17.61292,196.6492
-131.1441,17.53248,195.336
-130.8337,17.46609,194.4138
-130.7779,17.47426,194.2616
-130.7779,17.47426,194.2616
-130.7779,17.47426,194.2616
-130.7779,17.47426,194.2616
-130.7779,17.47426,194.2616
-130.7779,17.47426,194.2616
-130.6882,17.48584,194.061
-130.7091,17.52096,193.0294
-130.8853,17.55586,191.7799
-131.1339,17.59537,190.2941
-130.9899,17.65333,188.8494
-130.2324,17.72577,187.8782
-128.8023,17.81606,187.3699
-127.6624,17.87655,186.751
-126.4718,17.83787,185.8579
-124.9745,17.78668,185.4582
-123.5266,17.97669,185.076
-122.2836,18.21064,184.6777
-120.9441,18.43886,184.2605
-119.7669,18.73568,183.8712
-118.6172,19.06553,183.1647
-117.4977,19.15219,182.2376
-116.5071,19.1969,181.2649
-115.5231,19.98814,180.1452
-114.3967,21.01931,178.8592
-113.2652,21.57594,177.567
-112.2384,21.74614,176.1792
-111.9918,21.75042,174.7415
-111.8291,21.37019,173.0873
-111.8257,20.49871,171.2151
-111.8222,19.15242,169.343
-111.6635,18.65565,167.4687
-111.0495,18.65746,166.2722
-110.401,18.78935,165.061
-109.635,18.81491,163.9961
-108.6692,18.99506,162.9127
-107.6482,18.90192,161.9413
-106.4807,18.87362,160.8911
-105.3523,19.0071,159.8936
-104.1321,20.2277,158.7953
-103.0123,21.03903,157.7876
-101.7326,21.48053,156.6376
-100.4932,21.47346,155.526
-99.12987,21.01245,154.3033
-97.76653,20.07665,153.0805
-96.42505,19.10321,151.8332
-95.54472,19.25478,150.9076
-94.62621,19.418,149.7866
-93.78362,19.35878,148.5182
-92.90238,19.4138,147.2444
-91.918,19.53729,146.2697
-90.75952,19.69139,145.3097
-89.55861,19.55183,144.3483
-88.39083,20.30679,143.3787
-87.12084,21.38404,142.3584
-86.13819,22.33805,142.065
-84.61449,22.92987,141.356
-83.00892,23.04584,140.5596
-81.37871,22.68659,139.7318
-79.8967,21.94798,138.9793
-78.2813,20.69576,138.159
-78.45918,20.89994,137.7995
-78.35822,21.20819,137.1332
-78.37375,21.44125,136.4406
-78.4627,21.66961,135.6815
-78.76949,21.64728,134.916
-79.20142,21.08365,133.7257
-80.02055,20.14056,132.3819
-80.88884,19.58777,131.2675
-80.41353,19.67337,130.8394
-80.32124,19.86989,130.5408
-80.38395,19.64973,130.1746
-79.80412,20.20804,129.8188
-78.66676,21.29029,129.6338
-77.18925,22.07867,129.3216
-76.61837,22.77102,129.0564
-75.22684,23.0829,129.1257
-73.57944,23.1527,128.7412
-71.78171,22.73968,128.0381
-70.3801,22.03414,126.9615
-69.42108,21.17853,125.5287
-69.37808,20.33674,123.7272
-69.46698,19.85129,122.0449
-69.16208,20.62901,120.5774
-68.79233,21.57565,118.922
-68.4021,22.04734,117.242
-67.95238,22.04407,115.5157
-66.97763,21.63179,114.0287
-65.65416,20.82934,112.6298
-64.41197,20.45989,111.7843
-63.40976,21.63032,111.3561
-62.04764,22.56521,110.7346
-60.63712,23.00498,110.0787
-58.98743,23.03671,109.3186
-57.33775,22.59364,108.5586
-56.30338,22.24767,107.6953
-55.02753,21.50356,106.6585
-53.27499,20.31489,105.7744
-51.63742,19.741,105.0464
-50.18182,19.85743,104.9656
-50.4725,20.14654,104.9928
-51.07104,20.57234,104.9758
-51.66959,20.52333,104.9588
-52.26678,20.05631,104.7831
-53.20517,19.76667,103.7429
-54.26147,20.07706,103.49
-54.98271,20.18737,104.0671
-55.39319,19.93999,105.2941
-55.43512,19.77575,106.7267
-55.67654,20.36936,106.4746
-55.99231,20.75491,106.0028
-56.07541,20.70628,106.0687
-55.82779,20.30539,106.8718
-55.68126,19.92922,106.8538
-55.64177,20.18518,106.7794
-55.42038,20.00697,106.7307
-55.1846,19.74309,106.7276
-55.07663,19.72828,106.6885
-55.15356,19.73261,106.4454
-55.61575,19.81427,105.2052
-55.92532,20.49954,103.7957
-55.92865,21.27438,103.1817
-55.68509,21.59665,103.1714
-55.1291,21.52903,103.9004
-54.23729,21.04464,105.32
-53.37367,20.23091,106.336
-52.81943,19.64306,106.1054
-53.29947,19.62956,106.2198
-54.54718,19.64508,106.0405
-55.53943,19.92139,104.6538
-55.91362,20.78917,103.54
-56.05737,21.44778,103.076
-56.16431,21.66267,102.9192
-56.10669,21.46576,103.0027
-55.98425,20.92245,103.4609
-55.7562,20.08974,104.33
-56.16095,20.30105,104.6315
-56.27998,20.46585,104.893
-56.14891,20.1713,105.1649
-56.06868,20.00348,105.3309
-56.06885,20.0067,105.3626
-56.07237,20.00467,105.3067
-56.04515,20.00042,105.1817
-56.04095,20.06695,104.9518
-56.04666,20.12672,104.6807
-56.02695,20.13523,104.5929
-55.92784,20.03055,104.8499
-55.7402,19.87292,105.1754
-55.71819,19.85987,105.1918
-55.47543,19.75224,105.4911
-54.93849,19.70617,106.5014
-54.92735,19.70786,106.6375
-55.32057,19.76184,106.7802
-56.27226,19.75686,107.162
-57.49606,19.72975,107.4892
-58.4828,19.95722,108.0313
-58.94208,20.12601,109.2071
-58.73833,19.84383,110.7797
-57.36665,19.92598,111.612
-57.34819,20.18344,111.8356
-57.18738,20.48439,112.3006
-56.58362,21.69966,113.2573
-56.42461,22.66846,113.7784
-56.34818,23.28471,114.2268
-56.35963,23.43893,114.3349
-56.4166,23.16079,114.124
-56.22897,22.32535,113.2401
-56.52937,21.49101,112.2503
-57.42772,20.45443,111.4677
-57.81358,19.73376,111.0951
-57.73462,19.81386,111.7626
-58.10007,20.09026,112.504
-58.71786,20.12926,112.786
-59.39265,19.87535,113.4009
-60.28392,19.88939,113.9971
-61.31763,20.076,114.4138
-62.20274,20.03503,114.3883
-63.20026,19.65883,114.3974
-64.21519,19.62808,114.9083
-65.45764,19.6553,115.446
-66.67432,19.76368,116.1316
-67.25237,19.88063,117.2747
-67.33562,19.69537,118.5392
-67.56482,19.64808,119.461
-67.59338,19.64547,119.5442
-67.59338,19.64547,119.5442
-67.59338,19.64547,119.5442
-67.59338,19.64547,119.5442
-67.59338,19.64547,119.5442
-67.59338,19.64547,119.5442
-67.59338,19.64547,119.5442
-67.59338,19.64547,119.5442
-67.97604,19.61666,119.5965
-69.50961,19.50103,119.8357
-70.38823,19.80898,119.9532
-70.52597,20.06497,119.7446
-70.11478,19.83333,120.0142
-69.20976,19.51884,120.9249
-68.56375,19.57257,121.6522
-68.94592,20.42643,122.0324
-70.16382,21.46197,122.6696
-71.73637,22.01052,123.2863
-73.26807,22.09391,123.8278
-74.99387,21.72672,124.4289
-76.27379,21.97004,125.1234
-77.62975,22.88657,125.8005
-79.22259,23.31997,126.4599
-80.76388,23.29842,127.0635
-82.4593,22.82149,127.7275
-84.15472,21.86975,128.3915
-84.86992,21.46504,129.7424
-85.08868,20.79678,131.2727
-84.97579,19.74134,133.0354
-84.82294,19.43674,134.7272
-85.8607,19.32327,135.3846
-87.25787,20.16805,135.5003
-88.53922,21.15588,135.7677
-90.08665,21.38276,135.8649
-91.72263,21.20623,135.7807
-92.40604,21.70922,135.9486
-93.08566,21.7983,135.9839
-93.81151,21.48131,136.1597
-94.39773,21.32308,136.8355
-95.08376,21.35513,138.0058
-95.8015,21.02809,139.3288
-96.18403,20.46434,140.5622
-96.09494,20.05757,141.9425
-95.83239,19.69267,143.3139
-95.54138,19.15304,144.6325
-95.84026,19.18353,146.0008
-96.61253,19.14635,147.1124
-97.68169,19.12361,148.194
-98.52603,19.20905,149.2552
-99.35609,19.33488,150.4136
-100.4075,19.17439,151.3795
-101.5209,19.22232,151.9269
-102.0822,19.40586,152.7109
-102.7922,19.18064,154.1907
-103.2248,19.10553,155.6666
-103.9061,18.92809,156.9672
-104.732,19.07308,158.0026
-105.7214,18.97502,159.167
-106.6817,18.85374,160.2635
-107.8482,20.13418,161.5975
-109.1208,20.98951,163.0528
-110.1813,21.27065,164.2656
-111.3478,21.12667,165.5996
-112.4083,20.58377,166.8124
-113.5749,19.53335,168.1465
-114.6817,18.47851,169.4776
-115.3078,19.12078,170.9678
-115.8466,20.12539,172.4092
-116.1696,20.92288,173.734
-115.794,21.53984,174.4949
-115.4642,21.67446,175.6282
-115.2383,21.35434,177.4186
-115.0143,20.55921,179.2168
-114.9241,19.52143,180.8493
-115.701,19.57716,182.4018
-116.4681,20.67762,183.8098
-117.3119,21.43491,185.3585
-118.1556,21.71739,186.9072
-118.9994,21.52507,188.4559
-119.5941,21.57255,189.6716
-120.1732,21.87236,190.9109
-120.7129,22.36404,192.0528
-121.3654,23.5946,193.4202
-122.3306,24.45347,194.3792
-123.6095,24.8611,195.2165
-125.1264,24.85687,196.1091
-126.6434,24.37783,197.0017
-128.0224,23.53032,197.8132
-129.5394,22.14484,198.7058
-131.0564,20.28456,199.5984
-132.4752,20.29029,200.255
-134.0112,21.35548,200.9151
-135.5762,21.94615,201.5886
-137.2063,22.06236,202.2783
-138.972,21.75287,202.6283
-141.0241,20.94254,202.241
-142.5411,19.77329,201.1322
-142.8097,19.98942,200.6307
-142.3881,19.79811,200.6804
-141.5205,19.22974,201.3846
-140.2662,19.03282,202.4734
-139.0284,18.81233,202.3282
-137.9976,19.93995,201.4163
-137.0155,20.69156,200.3899
-135.9107,21.05434,199.0544
-134.8608,20.93242,197.5579
-134.4473,20.3798,195.8043
-134.5399,19.29269,193.5525
-134.7316,17.88728,191.442
-134.803,18.5071,189.4108
-134.9626,19.47501,187.4032
-135.1222,19.96811,185.3956
-135.2673,20.00437,183.5705
-135.427,19.59102,181.5629
-135.5721,18.80324,179.7378
-136.0817,18.66464,178.7526
-136.2083,18.61129,178.6726
-136.426,18.54543,178.4624
-136.8931,18.28678,177.9505
-137.5507,17.98623,177.0378
-138.2414,17.82258,175.7914
-138.9072,18.37428,174.385
-139.5948,19.42572,172.8852
-140.2293,19.96751,171.4922
-140.8935,20.11027,170.003
-141.6315,19.81241,168.3405
-142.3025,19.1296,166.8291
-142.618,17.78374,164.7199
-142.3765,17.91411,163.2185
-141.9133,19.14522,161.485
-141.45,19.90152,159.7514
-140.9868,20.18302,158.0179
-140.5235,19.98972,156.2844
-140.1024,19.40197,154.7085
-139.6391,18.30223,152.975
-139.3073,18.46674,151.7966
-138.3058,18.67072,151.7075
-138.0615,18.71034,151.7657
-137.9049,18.74014,151.272
-137.5012,18.78154,150.1136
-137.1504,18.81681,149.1276
-137.109,18.8209,149.0135
-137.109,18.8209,149.0135
-137.109,18.8209,149.0135
-137.109,18.8209,149.0135
-137.109,18.8209,149.0135
-137.109,18.8209,149.0135
-137.109,18.8209,149.0135
-137.109,18.8209,149.0135
-137.109,18.8209,149.0135
-137.109,18.8209,149.0135
-137.109,18.8209,149.0135
-137.109,18.8209,149.0135
-137.109,18.8209,149.0135
-137.109,18.8209,149.0135
-137.109,18.8209,149.0135
-137.109,18.8209,149.0135
-137.109,18.8209,149.0135
-137.109,18.8209,149.0135
-137.109,18.8209,149.0135
-137.109,18.8209,149.0135
-137.109,18.8209,149.0135
-137.109,18.8209,149.0135
-137.109,18.8209,149.0135
-137.109,18.8209,149.0135
-137.109,18.8209,149.0135
-137.109,18.8209,149.0135
-137.109,18.8209,149.0135
-137.109,18.8209,149.0135
-137.109,18.8209,149.0135
-137.109,18.8209,149.0135
-137.109,18.8209,149.0135
-137.109,18.8209,149.0135
-137.109,18.8209,149.0135
-137.109,18.8209,149.0135
-137.109,18.8209,149.0135
-137.109,18.8209,149.0135
-137.109,18.8209,149.0135
-137.109,18.8209,149.0135
-137.109,18.8209,149.0135
-137.109,18.8209,149.0135
-137.109,18.8209,149.0135
-137.109,18.8209,149.0135
-137.109,19.79963,149.0135
-137.109,20.73534,149.0135
-137.109,21.19624,149.0135
-137.109,21.20322,149.0135
-137.109,20.75767,149.0135
-137.109,19.94061,149.0135
-137.1096,18.80624,149.0192
-137.1096,18.80624,149.0192
-137.1096,18.80624,149.0192
-137.1096,18.80624,149.0192
-137.1096,18.80624,149.0192
-137.1096,18.80624,149.0192
-137.1096,18.80624,149.0192
-137.1096,18.80624,149.0192
-137.1096,18.80624,149.0192
-137.1096,18.80624,149.0192
-137.1096,18.80624,149.0192
-137.1096,18.80624,149.0192
-137.1096,18.80624,149.0192
-137.1096,18.80624,149.0192
-137.1096,18.80624,149.0192
-137.1096,18.80624,149.0192
-137.1096,18.80624,149.0192
-137.1096,18.80624,149.0192
-137.1096,18.80624,149.0192
-137.1096,18.80624,149.0192
-137.1096,18.80624,149.0192
-137.1096,18.80624,149.0192
-137.1096,18.80624,149.0192
-137.1096,18.80624,149.0192
-137.1096,18.80624,149.0192
-137.1096,18.80624,149.0192
-137.1096,18.80624,149.0192
-137.1096,18.80624,149.0192
-137.1096,18.80624,149.0192
-137.1096,18.80624,149.0192
-137.1096,18.80624,149.0192
-137.1096,18.80624,149.0192
-137.1096,18.80624,149.0192
-137.1096,18.80624,149.0192
-137.1096,18.80624,149.0192
-137.1096,18.80624,149.0192
-137.1096,18.80624,149.0192
-137.1096,18.80624,149.0192
-137.1096,18.80624,149.0192
-137.1096,18.80624,149.0192
-137.1096,18.80624,149.0192
-137.1096,18.80624,149.0192
-137.1096,18.80624,149.0192
-137.1096,18.80624,149.0192
-137.1096,18.80624,149.0192
-137.1096,18.80624,149.0192
-137.1096,18.80624,149.0192
-137.1096,18.80624,149.0192
-137.1096,18.80624,149.0192
-137.1096,18.80624,149.0192
-137.1096,18.80624,149.0192
-137.1096,18.80624,149.0192
-137.1096,18.80624,149.0192
-137.1096,18.80624,149.0192
-137.1096,18.80624,149.0192
-137.1096,18.80624,149.0192
-137.1096,18.80624,149.0192
-137.1096,18.80624,149.0192
-137.1096,18.80624,149.0192
-137.1096,18.80624,149.0192
-137.1096,18.80624,149.0192
-137.1096,18.80624,149.0192
-137.1096,18.80624,149.0192
-137.1096,18.80624,149.0192
-137.1096,18.80624,149.0192
-137.1096,18.80624,149.0192
-137.1096,18.80624,149.0192
-137.1096,18.80624,149.0192
-137.1096,18.80624,149.0192
-137.1096,18.80624,149.0192
-137.1096,18.80624,149.0192
-137.1096,18.80624,149.0192
-137.1096,18.80624,149.0192
-137.1096,18.80624,149.0192
-137.1096,18.80624,149.0192
-137.1096,18.80624,149.0192
-137.1096,18.80624,149.0192
-137.1096,18.80624,149.0192
-137.1096,18.80624,149.0192
-137.1096,18.80624,149.0192
-137.1096,18.80624,149.0192
-137.1096,18.80624,149.0192
-137.1096,18.80624,149.0192
-137.1096,18.80624,149.0192
-137.1096,18.80624,149.0192
-137.1096,18.80624,149.0192
-137.1096,18.80624,149.0192
-137.1096,18.80624,149.0192
-137.1096,18.80624,149.0192
-137.1096,18.80624,149.0192
-137.1096,18.80624,149.0192
-137.1096,18.80624,149.0192
-137.1096,18.80624,149.0192
-137.1096,18.80624,149.0192
-137.1096,18.80624,149.0192
-137.1096,18.80624,149.0192
-137.1096,18.80624,149.0192
-137.1096,18.80624,149.0192
-137.1096,18.80624,149.0192
-137.1096,18.80624,149.0192
-137.1096,18.80624,149.0192
-137.1096,18.80624,149.0192
-137.1096,18.80624,149.0192
-137.1096,18.80624,149.0192
-137.1096,18.80624,149.0192
-137.1096,18.80624,149.0192
-137.1096,18.80624,149.0192
-137.1096,18.80624,149.0192
-137.1096,18.80624,149.0192
-137.1096,18.80624,149.0192
-137.1096,18.80624,149.0192
-137.1096,18.80624,149.0192
-137.1096,18.80624,149.0192
-137.1096,18.80624,149.0192
-137.1096,18.80624,149.0192
-137.1096,18.80624,149.0192
-137.1096,18.80624,149.0192
-137.1096,18.80624,149.0192
-137.1096,18.80624,149.0192
-137.1096,18.80624,149.0192
-137.1096,18.80624,149.0192
-137.1096,18.80624,149.0192
-137.1096,18.80624,149.0192
-137.1096,18.80624,149.0192
-137.1096,18.80624,149.0192
-137.1096,18.80624,149.0192
-137.1096,18.80624,149.0192
-137.1096,18.80624,149.0192
-137.1096,18.80624,149.0192
-137.1096,18.80624,149.0192
-137.1096,18.80624,149.0192
-137.1096,18.80624,149.0192
-137.1096,18.80624,149.0192
-137.1096,18.80624,149.0192
-137.1096,18.80624,149.0192
-137.1096,18.80624,149.0192
-137.1096,18.80624,149.0192
-137.1096,18.80624,149.0192
-137.1096,18.80624,149.0192
-137.1096,18.80624,149.0192
-137.1096,18.80624,149.0192
-137.1096,18.80624,149.0192
-137.1096,18.80624,149.0192
-137.1096,18.80624,149.0192
-137.1096,18.80624,149.0192
-137.1096,18.80624,149.0192
-137.1096,18.80624,149.0192
-137.1096,18.80624,149.0192
-137.1096,18.80624,149.0192
-137.1096,18.80624,149.0192
-137.1096,18.80624,149.0192
-137.1096,18.80624,149.0192
-137.1096,18.80624,149.0192
-137.1096,18.80624,149.0192
-137.1096,18.80624,149.0192
-137.1096,18.80624,149.0192
-137.1096,18.80624,149.0192
-137.1096,18.80624,149.0192
-137.1096,20.26542,149.0192
-137.1096,21.8322,149.0192
-137.1096,23.67994,149.0192
-137.1096,25.58287,149.0192
-137.1096,27.08599,149.0192
-137.1096,28.04045,149.0192
-137.1096,28.63714,149.0192
-137.1096,28.75902,149.0192
-137.1096,28.40609,149.0192
-137.1096,27.57836,149.0192
-137.1096,26.41386,149.0192
-137.1096,24.67969,149.0192
-137.1096,22.47071,149.0192
-137.1096,19.78693,149.0192
-137.1115,18.815,149.0363
-137.1772,18.81012,149.319
-137.4036,18.7757,150.2943
-137.7269,18.72655,151.6868
-138.0729,19.23616,153.2139
-138.4164,20.53288,154.6897
-138.7942,21.51155,156.3131
-139.1822,22.01175,157.9811
-139.5923,22.0292,159.7458
-139.9698,21.63137,161.3702
-140.385,20.74054,163.1571
-140.7625,19.51867,164.7816
-141.1735,17.74234,166.5498
-141.311,17.8668,167.4203
-141.3094,17.90371,168.6717
-141.3601,17.94442,170.0019
-141.4265,17.97772,171.3686
-141.4257,17.97505,171.7123
-141.3685,17.96757,171.9381
-141.0415,17.92666,172.9624
-140.5616,17.87346,174.3
-140.0762,17.81956,175.6014
-139.3425,17.74116,176.9793
-138.8411,17.68515,178.3885
-138.8908,17.68293,179.7383
-138.7015,17.68117,181.2035
-138.0919,17.82988,182.498
-137.2699,17.72494,183.7372
-136.4517,17.69556,184.8741
-135.6137,17.67875,186.0133
-134.7098,17.6928,187.2496
-133.7993,17.74158,188.4454
-132.785,17.53245,189.6947
-131.7624,17.54053,190.9498
-130.8397,17.5483,192.0613
-129.8785,17.55963,193.127
-128.744,17.55523,194.1947
-127.7875,17.79475,195.025
-127.5258,18.69419,195.2612
-127.3571,20.2091,195.4154
-127.1659,22.00058,195.5895
-126.5649,23.97294,196.0864
-125.8301,25.84961,196.6831
-124.9952,27.54593,197.3595
-124.1207,28.68777,198.0615
-122.8968,29.51721,199.0311
-121.5272,29.88668,200.1105
-120.7432,30.13713,200.9255
-120.7368,30.16603,201.03
-120.7368,30.16603,201.03
-120.7368,30.16603,201.03
-120.7368,30.73679,201.03
-120.7199,32.39903,201.1964
-120.6354,34.03901,202.0285
-120.5251,35.97123,203.1142
-120.41,37.85476,204.2475
-120.2937,39.27921,205.4126
-120.188,40.16814,206.7455
-120.0965,40.66889,208.2853
-120.0102,40.76876,210.0863
-119.9295,40.39452,211.9187
-120.0204,39.54549,213.6809
-120.5213,38.63635,215.112
-121.5168,37.84247,216.4375
-122.4911,37.37253,217.546
-123.3118,38.52637,217.5
-124.3289,39.75333,217.5
-125.4346,40.47502,217.5
-126.8502,40.83581,217.5
-128.4398,40.74365,217.5
-130.2205,40.19672,217.5
-132.0557,39.29839,217.5
-134.1994,37.86965,217.5
-136.2589,36.17085,217.5
-138.5253,33.86491,217.5
-140.7657,31.97888,216.2918
-142.8841,30.29683,215.225
-144.9283,28.826,214.0657
-146.7624,27.59798,213.04
-148.7799,26.09643,211.9118
-150.7974,24.12008,210.7835
-151.7256,23.15789,209.6344
-151.6863,22.9338,209.3135
-151.6764,22.92416,209.2943
-151.6764,22.92416,209.2943
-151.6764,22.92416,209.2943
-151.6764,22.92416,209.2943
-151.5547,22.88648,209.2418
-150.861,22.67842,208.9579
-149.7436,22.3871,208.5999
-148.8538,22.14744,208.2974
-148.7226,22.09402,208.2118
-148.7226,22.09402,208.2118
-148.7226,22.09402,208.2118
-148.7226,22.09402,208.2118
-148.7226,22.09402,208.2118
-148.7226,22.09402,208.2118
-148.7226,22.09402,208.2118
-148.7226,22.09402,208.2118
-148.7226,22.09402,208.2118
-148.7226,22.09402,208.2118
-148.7226,22.09402,208.2118
-148.7226,22.09402,208.2118
-148.7226,22.09402,208.2118
-148.7226,22.09402,208.2118
-148.7226,22.09402,208.2118
-148.7226,22.09402,208.2118
-148.7226,22.09402,208.2118
-148.7226,22.09402,208.2118
-148.7226,22.09402,208.2118
-148.7226,22.09402,208.2118
-148.7226,22.09402,208.2118
-148.7226,22.09402,208.2118
-148.7226,22.09402,208.2118
-148.7226,22.09402,208.2118
-148.7226,22.09402,208.2118
-148.7226,22.09402,208.2118
-148.7226,22.09402,208.2118
-148.7226,22.09402,208.2118
-148.7226,22.09402,208.2118
-148.7226,22.09402,208.2118
-148.7226,22.09402,208.2118
-148.7226,22.09402,208.2118
-148.7226,22.09402,208.2118
-148.7226,22.09402,208.2118
-148.7226,22.09402,208.2118
-148.7226,22.09402,208.2118
-148.7226,22.09402,208.2118
-148.7226,22.09402,208.2118
-148.7226,22.09402,208.2118
-148.7226,22.09402,208.2118
-148.7226,22.09402,208.2118
-148.7226,22.09402,208.2118
-148.7226,22.09402,208.2118
-148.7226,22.09402,208.2118
-148.7226,22.09402,208.2118
-148.7226,22.09402,208.2118
-148.7226,22.09402,208.2118
-148.7226,22.09402,208.2118
-148.7226,22.09402,208.2118
-148.7226,22.09402,208.2118
-148.7226,22.09402,208.2118
-148.7226,22.09402,208.2118
-148.7226,22.09402,208.2118
-148.7226,22.09402,208.2118
-148.7226,22.09402,208.2118
-148.7226,22.09402,208.2118
-148.7226,22.09402,208.2118
-148.7226,22.09402,208.2118
-148.7226,22.09402,208.2118
-148.7226,22.09402,208.2118
-148.7226,22.09402,208.2118
-148.7226,22.09402,208.2118
-148.7226,22.09402,208.2118
-148.7226,22.09402,208.2118
-148.7226,22.09402,208.2118
-148.7226,22.09402,208.2118
-148.7226,22.09402,208.2118
-148.7226,22.09402,208.2118
-148.7226,22.09402,208.2118
-148.7226,22.09402,208.2118
-148.7226,22.09402,208.2118
-148.7226,22.09402,208.2118
-148.7226,22.09402,208.2118
-148.7226,22.09402,208.2118
-148.7226,22.09402,208.2118
-148.7226,22.09402,208.2118
-148.7226,22.09402,208.2118
-148.7226,22.09402,208.2118
-148.7226,22.09402,208.2118
-148.7226,22.09402,208.2118
-148.7226,22.09402,208.2118
-148.7226,22.09402,208.2118
-148.7226,22.09402,208.2118
-148.7226,22.09402,208.2118
-148.7226,22.09402,208.2118
-148.7226,22.09402,208.2118
-148.7226,22.09402,208.2118
-148.7226,22.09402,208.2118
-148.7226,22.09402,208.2118
-148.7226,22.09402,208.2118
-148.7226,22.09402,208.2118
-148.7226,22.09402,208.2118
-148.7226,22.09402,208.2118
-148.7226,22.09402,208.2118
-148.7226,22.09402,208.2118
-148.7226,22.09402,208.2118
-148.7226,22.09402,208.2118
-148.7226,22.09402,208.2118
-148.7226,22.09402,208.2118
-148.7226,22.09402,208.2118
-148.7226,22.09402,208.2118
-148.7226,22.09402,208.2118
-148.7226,22.09402,208.2118
-148.7226,22.09402,208.2118
-148.7226,22.09402,208.2118
-148.7226,22.09402,208.2118
-148.7226,22.09402,208.2118
-148.7226,22.09402,208.2118
-148.7226,22.09402,208.2118
-148.7226,22.09402,208.2118
-148.7226,22.09402,208.2118
-148.7226,22.09402,208.2118
-148.7226,22.09402,208.2118
-148.7226,22.09402,208.2118
-148.7226,22.09402,208.2118
-148.7226,22.09402,208.2118
-148.7226,22.09402,208.2118
-148.7226,22.09402,208.2118
-148.7226,22.09402,208.2118
-148.7226,22.09402,208.2118
-148.7226,22.09402,208.2118
-148.7226,22.09402,208.2118
-148.7226,22.09402,208.2118
-148.7226,22.09402,208.2118
-148.7226,22.09402,208.2118
-148.7226,22.09402,208.2118
-148.7226,22.09402,208.2118
-148.7226,22.09402,208.2118
-148.7226,22.09402,208.2118
-148.7226,22.09402,208.2118
-148.7226,22.09402,208.2118
-148.7226,22.09402,208.2118
-148.7226,22.09402,208.2118
-148.7226,22.09402,208.2118
-148.7226,22.09402,208.2118
-148.7226,22.09402,208.2118
-148.7226,22.09402,208.2118
-148.7226,22.09402,208.2118
-148.7226,22.09402,208.2118
-148.7226,22.09402,208.2118
-148.7226,22.09402,208.2118
-148.7226,22.09402,208.2118
-148.7226,22.09402,208.2118
-148.7226,22.09402,208.2118
-148.7226,22.09402,208.2118
-148.7226,22.09402,208.2118
-148.7226,22.09402,208.2118
-148.7226,22.09402,208.2118
-148.7226,22.09402,208.2118
-148.7226,22.09402,208.2118
-148.7226,22.09402,208.2118
-148.7226,22.09402,208.2118
-148.7226,22.09402,208.2118
-148.7226,22.09402,208.2118
-148.7226,22.09402,208.2118
-148.7226,22.09402,208.2118
-148.7226,22.09402,208.2118
-148.7226,22.09402,208.2118
-148.7226,22.09402,208.2118
-148.7226,22.09402,208.2118
-148.7226,22.09402,208.2118
-148.7226,22.09402,208.2118
-148.7226,22.09402,208.2118
-148.7226,22.09402,208.2118
-148.7226,22.09402,208.2118
-148.7226,22.09402,208.2118
-148.7226,22.09402,208.2118
-148.7226,22.09402,208.2118
-148.7226,22.09402,208.2118
-148.7226,22.09402,208.2118
-148.7226,22.09402,208.2118
-148.7226,22.09402,208.2118
-148.7226,22.09402,208.2118
-148.7226,22.09402,208.2118
-148.7226,22.09402,208.2118
-148.7226,22.09402,208.2118
-148.7226,22.09402,208.2118
-148.7226,22.09402,208.2118
-148.7226,22.09402,208.2118
-148.7226,22.09402,208.2118
-148.7226,22.09402,208.2118
-148.7226,22.09402,208.2118
-148.7226,22.09402,208.2118
-148.7226,22.09402,208.2118
-148.7226,22.09402,208.2118
-148.7226,22.09402,208.2118
-148.7226,22.09402,208.2118
-148.7226,22.09402,208.2118
-148.7226,22.09402,208.2118
-148.7226,22.09402,208.2118
-148.7226,22.09402,208.2118
-148.7226,22.09402,208.2118
-148.7226,22.09402,208.2118
-148.7226,22.09402,208.2118
-148.7226,22.09402,208.2118
-148.7226,22.09402,208.2118
-148.7226,22.09402,208.2118
-148.7226,22.09402,208.2118
-148.7226,22.09402,208.2118
-148.7226,22.09402,208.2118
-148.7226,22.09402,208.2118
-148.7226,22.09402,208.2118
-148.7226,22.09402,208.2118
-148.7226,22.09402,208.2118
-148.7226,22.09402,208.2118
-148.7226,22.09402,208.2118
-148.7226,22.09402,208.2118
-148.7226,22.09402,208.2118
-148.7226,22.09402,208.2118
-148.7226,22.09402,208.2118
-148.7226,22.09402,208.2118
-148.7226,22.09402,208.2118
-148.7226,22.09402,208.2118
-148.7226,22.09402,208.2118
-148.7226,22.09402,208.2118
-148.7226,22.09402,208.2118
-148.7226,22.09402,208.2118
-148.7226,22.09402,208.2118
-148.7226,22.09402,208.2118
-148.7226,22.09402,208.2118
-148.7226,22.09402,208.2118
-148.7226,22.09402,208.2118
-148.7226,22.09402,208.2118
-148.7226,22.09402,208.2118
-148.7226,22.09402,208.2118
-148.7226,22.09402,208.2118
-148.7226,22.09402,208.2118
-148.7226,22.09402,208.2118
-148.7226,22.09402,208.2118
-148.7226,22.09402,208.2118
-148.7226,22.09402,208.2118
-148.7226,22.09402,208.2118
-148.7226,22.09402,208.2118
-148.7226,22.09402,208.2118
-148.7226,22.09402,208.2118
-148.7226,22.09402,208.2118
-148.7226,22.09402,208.2118
-148.7226,22.09402,208.2118
-148.7226,22.09402,208.2118
-148.7226,22.09402,208.2118
-148.7226,22.09402,208.2118
-148.7226,22.09402,208.2118
-148.7226,22.09402,208.2118
-148.7226,22.09402,208.2118
-148.7226,22.09402,208.2118
-148.7226,22.09402,208.2118
-148.7226,22.09402,208.2118
-148.7226,22.09402,208.2118
-148.7226,22.09402,208.2118
-148.7226,22.09402,208.2118
-148.7226,22.09402,208.2118
-148.7226,22.09402,208.2118
-148.7226,22.09402,208.2118
-148.7226,22.09402,208.2118
-148.7226,22.09402,208.2118
-148.7226,22.09402,208.2118
-148.7226,22.09402,208.2118
-148.7226,22.09402,208.2118
-148.7226,22.09402,208.2118
-148.7226,22.09402,208.2118
-148.7226,22.09402,208.2118
-148.7226,22.09402,208.2118
-148.7226,22.09402,208.2118
-148.7226,22.09402,208.2118
-148.7226,22.09402,208.2118
-148.7226,22.09402,208.2118
-148.7226,22.09402,208.2118
-148.7226,22.09402,208.2118
-148.7226,22.09402,208.2118
-148.7226,22.09402,208.2118
-148.7226,22.09402,208.2118
-148.7226,22.09402,208.2118
-148.7226,22.09402,208.2118
-148.7226,22.09402,208.2118
-148.7226,22.09402,208.2118
-148.7226,22.09402,208.2118
-148.7226,22.09402,208.2118
-148.7226,22.09402,208.2118
-148.7226,22.09402,208.2118
-148.7226,22.09402,208.2118
-148.7226,22.09402,208.2118
-148.7226,22.09402,208.2118
-148.7226,22.09402,208.2118
-148.7226,22.09402,208.2118
-148.7226,22.09402,208.2118
-148.7226,22.09402,208.2118
-148.7226,22.09402,208.2118
-148.7226,22.09402,208.2118
-148.7226,22.09402,208.2118
-148.7226,22.09402,208.2118
-148.7226,22.09402,208.2118
-148.7226,22.09402,208.2118
-148.7226,22.09402,208.2118
-148.7226,22.09402,208.2118
-148.7226,22.09402,208.2118
-148.7226,22.09402,208.2118
-148.7226,22.09402,208.2118
-148.7226,22.09402,208.2118
-148.7226,22.09402,208.2118
-148.7226,22.09402,208.2118
-148.7226,22.09402,208.2118
-148.7226,22.09402,208.2118
-148.7226,22.09402,208.2118
-148.7226,22.09402,208.2118
-148.7226,22.09402,208.2118
-148.7226,22.09402,208.2118
-148.7226,22.09402,208.2118
-148.7226,22.09402,208.2118
-148.7226,22.09402,208.2118
-148.7226,22.09402,208.2118
-148.7226,22.09402,208.2118
-148.7226,22.09402,208.2118
-148.7226,22.09402,208.2118
-148.7226,22.09402,208.2118
-148.7226,22.09402,208.2118
-148.7226,22.09402,208.2118
-148.7226,22.09402,208.2118
-148.7226,22.09402,208.2118
-148.7226,22.09402,208.2118
-148.7226,22.09402,208.2118
-148.7226,22.09402,208.2118
-148.7226,22.09402,208.2118
-148.7226,22.09402,208.2118
-148.7226,22.09402,208.2118
-148.7226,22.09402,208.2118
-148.7226,22.09402,208.2118
-148.7226,22.09402,208.2118
-148.7226,22.09402,208.2118
-148.7226,22.09402,208.2118
-148.7226,22.09402,208.2118
-148.7226,22.09402,208.2118
-148.7226,22.09402,208.2118
-148.7226,22.09402,208.2118
-148.7226,22.09402,208.2118
-148.7226,22.09402,208.2118
-148.7226,22.09402,208.2118
-148.7226,23.10415,208.2118
-148.7226,24.63865,208.2118
-148.7226,26.28075,208.2118
-148.7226,28.21133,208.2118
-148.7226,30.19712,208.2118
-148.7226,31.65854,208.2118
-148.7226,32.81287,208.2118
-148.7226,33.49241,208.2118
-148.7226,33.69714,208.2118
-148.7226,33.47123,208.2118
-148.7226,32.76952,208.2118
-148.7226,31.593,208.2118
-148.7226,29.94168,208.2118
-148.7226,28.02846,208.2118
-148.7226,25.4707,208.2118
-148.7226,22.73343,208.2118
-148.5758,21.83748,207.6698
-148.5452,21.7841,207.557
-148.5452,21.7841,207.557
-148.5452,23.24328,207.557
-148.5452,24.97266,207.557
-148.5452,26.6578,207.557
-148.5452,28.63573,207.557
-148.5452,30.56386,207.557
-148.5452,31.91831,207.557
-148.5452,32.95499,207.557
-148.5452,33.48541,207.557
-148.5452,33.61565,207.557
-148.5452,33.27108,207.557
-148.5452,32.54582,207.557
-148.5452,31.29481,207.557
-148.5452,29.569,207.557
-148.5452,27.36838,207.557
-148.5452,24.9558,207.557
-148.5452,21.84874,207.557
-148.391,21.50423,206.9641
-148.3742,21.47394,206.8999
-148.3742,21.47394,206.8999
-148.3742,21.47394,206.8999
-148.3742,21.47394,206.8999
-148.3742,21.47394,206.8999
-148.3742,21.47394,206.8999
-148.3742,21.47394,206.8999
-148.3742,21.47394,206.8999
-148.3742,21.47394,206.8999
-148.3742,21.47394,206.8999
-148.3742,21.47394,206.8999
-148.3742,21.47394,206.8999
-148.3742,21.47394,206.8999
-148.3742,21.47394,206.8999
-148.3742,21.47394,206.8999
-148.3742,21.47394,206.8999
-148.3742,21.47394,206.8999
-148.3742,21.47394,206.8999
-148.3742,21.47394,206.8999
-148.3742,21.47394,206.8999
-148.3742,21.47394,206.8999
-148.3742,21.47394,206.8999
-148.3742,21.47394,206.8999
-148.3742,21.47394,206.8999
-148.3742,21.47394,206.8999
-148.3742,21.47394,206.8999
-148.3742,21.47394,206.8999
-148.3742,21.47394,206.8999
-148.3742,21.47394,206.8999
-148.3742,21.47394,206.8999
-148.3742,21.47394,206.8999
-148.3742,21.47394,206.8999
-148.3742,21.47394,206.8999
-148.3742,21.47394,206.8999
-148.3742,21.47394,206.8999
-148.3742,21.47394,206.8999
-148.3742,21.47394,206.8999
-148.3742,21.47394,206.8999
