-199.4256,19.47148,130.985
-199.4164,19.43413,130.9816
-199.4164,19.43413,130.9816
-199.4164,19.43413,130.9816
-199.4164,19.43413,130.9816
-199.4164,19.43413,130.9816
-199.4164,19.43413,130.9816
-199.4164,19.43413,130.9816
-199.4164,19.43413,130.9816
-199.4164,19.43413,130.9816
-199.4164,19.43413,130.9816
-199.4164,19.43413,130.9816
-199.4164,19.43413,130.9816
-198.4209,19.35315,131.4287
-196.4785,19.1414,132.3777
-194.1826,19.0653,133.5016
-191.8179,18.98984,134.8078
-189.443,18.92093,136.1863
-187.0696,18.76901,137.5907
-184.4538,18.58081,139.1436
-182.0631,18.59736,140.5527
-179.5828,18.72864,141.8851
-177.0395,18.85552,143.1353
-174.2806,18.94312,143.7411
-172.4525,18.80127,143.2195
-171.9007,18.55483,142.821
-171.0249,18.25894,142.0263
-169.5354,17.99828,140.4951
-167.8672,17.97577,138.4927
-166.7392,18.71701,136.2985
-166.445,18.99077,135.4673
-166.4185,19.01501,135.3939
-166.4185,19.01501,135.3939
-166.4185,19.01501,135.3939
-166.4185,19.01501,135.3939
-166.4185,19.01501,135.3939
-166.4185,19.01501,135.3939
-166.4185,19.01501,135.3939
-166.4185,19.01501,135.3939
-166.4185,19.01501,135.3939
-166.4185,19.01501,135.3939
-166.4185,19.01501,135.3939
-166.4185,19.01501,135.3939
-166.4185,19.01501,135.3939
-166.4185,19.01501,135.3939
-166.4185,19.01501,135.3939
-166.4185,19.01501,135.3939
-166.4185,19.01501,135.3939
-166.4185,19.01501,135.3939
-166.4185,19.01501,135.3939
-166.4185,19.01501,135.3939
-166.4185,19.01501,135.3939
-166.4185,19.01501,135.3939
-166.4185,19.01501,135.3939
-166.4185,19.01501,135.3939
-166.4185,19.01501,135.3939
-166.4185,19.01501,135.3939
-166.4185,19.01501,135.3939
-166.4185,19.01501,135.3939
-166.4185,19.01501,135.3939
-166.4185,19.01501,135.3939
-166.4185,19.01501,135.3939
-166.4185,19.01501,135.3939
-166.4185,19.01501,135.3939
-166.4185,19.01501,135.3939
-166.4185,19.01501,135.3939
-166.2285,19.1341,135.052
-165.941,19.58311,133.7216
-166.1541,19.53939,133.2829
-166.2168,19.57224,133.0575
-164.9731,19.81228,132.3125
-162.7606,19.76561,133.2185
-160.4391,19.78021,134.5882
-158.3691,19.29999,137.1662
-156.7934,18.70578,139.4886
-155.2955,18.18503,141.7217
-153.6717,17.97606,144.1825
-152.1425,17.94802,146.5316
-150.5941,18.3146,149.1258
-148.7424,18.35691,151.6296
-146.0085,17.93328,153.2374
-143.9215,17.9605,153.9737
-143.3691,17.98026,153.7308
-141.967,18.04263,152.7574
-140.0118,18.3864,151.6228
-138.1772,18.84908,150.3261
-136.4318,19.14128,148.7162
-136.0363,19.53359,148.0219
-136,19.56768,148.0113
-136.1171,19.44521,148.4064
-136.4421,19.10537,149.4993
-136.8398,18.7583,150.8696
-137.4066,18.71063,152.9285
-138.031,18.43679,155.646
-139.9313,18.21325,157.7689
-141.1859,17.92142,160.3353
-141.32,17.74192,163.1541
-140.6259,17.80322,165.9221
-139.8565,17.87727,168.6769
-139.0769,17.7521,171.4195
-138.2743,17.82168,174.4042
-137.6092,17.97182,177.0412
-136.5849,18.24312,179.4954
-135.235,18.48796,181.6723
-133.7591,18.23163,183.8044
-133.6685,18.0517,185.5942
-134.0785,17.72218,187.9372
-134.4855,17.56352,190.502
-134.9103,18.03031,193.563
-135.5653,18.32177,196.1308
-137.0077,18.62752,198.5638
-138.376,18.77718,201.0876
-140.4262,19.11933,202.858
-143.0054,19.62334,203.4416
-145.8307,20.1825,203.1732
-148.117,20.87621,203.3802
-149.6107,20.92489,204.1184
-150.1181,20.68974,204.2126
-150.0995,20.69134,204.235
-149.0321,20.7429,205.237
-147.0766,21.11682,206.1903
-144.5863,20.6331,205.8438
-142.6547,19.68552,204.191
-141.1661,19.06965,201.8006
-139.6265,18.98332,199.566
-138.0556,18.77628,197.2699
-136.3304,18.46754,194.9304
-134.3576,17.89775,192.2472
-132.3897,17.55379,189.6651
-130.0483,17.74326,187.6458
-127.1888,17.979,186.4603
-124.2222,17.87814,185.6726
-121.5772,18.31408,184.9417
-119.0526,18.89112,184.273
-117.0235,19.30539,184.6094
-116.5918,19.26291,184.9927
-116.584,19.26396,185.0181
-116.5444,19.26656,184.9503
-115.8753,19.30858,183.6964
-115.4031,19.31039,181.415
-114.9979,19.41351,178.5472
-114.6489,19.64648,176.1979
-113.7951,20.03705,173.7668
-113.1449,20.01346,170.4116
-113.2487,19.58412,167.3684
-114.6495,18.76479,165.1967
-115.347,19.30209,165.1908
-115.9586,19.14052,165.5679
-116.5809,18.94059,166.1523
-117.2321,18.94004,167.096
-117.7498,18.89717,168.3127
-117.6959,18.7531,170.0201
-117.3144,18.73478,171.1324
-116.8166,18.55357,171.5572
-116.6968,18.51622,171.6166
-115.2708,18.62609,171.6939
-113.4216,18.84442,170.5238
-111.608,18.70774,168.3673
-110.1684,19.261,166.0739
-108.5762,19.23487,163.6936
-107.8599,19.79297,160.8268
-106.7072,19.90502,157.7624
-105.6669,19.6209,154.8038
-104.0281,20.33303,154.1085
-101.0944,20.67599,152.9671
-98.1286,20.58448,151.8027
-94.84518,20.03122,150.5148
-92.23454,19.72511,149.3454
-89.79598,19.8527,147.5624
-87.1627,19.48036,145.8626
-85.66792,19.46066,144.8692
-84.86725,19.45571,143.7002
-84.26949,19.45638,142.0246
-83.39317,19.44179,139.9865
-82.30543,19.38259,138.8394
-82.03847,19.37057,138.5705
-81.66615,19.38296,138.879
-80.22377,19.3796,140.1817
-79.76852,20.29391,140.6432
-79.57911,21.18155,140.7976
-79.12005,21.72659,141.2233
-78.70272,21.81007,141.6102
-78.28539,21.50115,141.9972
-77.90288,20.99184,142.3553
-77.82529,20.99267,142.4481
-77.47409,21.63541,143.093
-76.87532,22.64164,144.1916
-76.17159,23.26592,145.4835
-75.38525,23.50062,146.9275
-74.92676,23.42539,147.7722
-74.8717,23.4282,147.887
-74.81876,23.43137,148.0443
-74.44041,23.46466,148.9609
-74.30392,23.4418,149.4953
-74.30429,23.44154,149.5201
-74.30429,23.44154,149.5201
-75.08191,23.42767,149.5583
-76.96418,23.01623,148.4159
-79.13322,21.68168,146.6155
-81.47247,19.95458,144.7353
-83.23031,19.4221,143.2412
-83.41187,19.43247,142.5186
-83.82624,19.45751,140.7083
-83.97534,19.35921,138.2102
-83.6331,19.45802,135.4986
-83.33874,19.40211,133.3106
-83.1049,19.40641,132.8579
-83.09805,19.40721,132.8448
-82.92357,19.42271,132.68
-81.73532,19.53145,131.4519
-80.37816,19.64543,129.3298
-80.08633,19.50067,128.4839
-79.93671,19.49596,128.3855
-78.67148,19.55555,127.7393
-76.64134,19.50752,126.521
-74.81473,20.08471,126.2802
-73.37605,20.66221,126.7706
-72.22688,20.92582,126.7619
-71.98944,20.94499,126.2145
-71.97392,20.6827,124.4832
-71.90112,20.33447,122.1059
-70.89238,19.98627,121.0251
-70.48511,19.85249,120.6407
-70.63498,19.90579,120.812
-71.22833,20.08906,121.293
-71.47339,20.16431,121.4885
-71.02209,20.03086,121.1649
-69.79756,19.72926,120.3081
-68.09003,19.62374,119.1121
-67.69325,19.65349,118.2749
-68.54433,19.63863,117.568
-69.68896,19.56533,117.0918
-71.09917,19.39819,117.249
-71.72906,19.71934,117.7353
-71.85402,19.83224,118.1167
-71.85263,19.83094,118.1199
-71.76633,19.75221,117.9877
-71.44418,19.45854,117.4464
-70.56232,19.62888,116.0878
-68.84933,19.95216,114.9805
-66.60123,19.61974,113.4535
-64.21541,20.17182,112.1565
-62.33127,20.2587,111.1715
-59.95026,20.15671,110.1296
-57.77332,19.83589,108.1148
-55.79741,19.94041,106.0568
-54.08469,19.56432,105.1147
-52.57878,19.66019,104.8031
-52.28311,19.69034,104.7547
-52.28311,19.69034,104.7547
-52.28311,19.69034,104.7547
-52.28311,19.69034,104.7547
-52.28311,19.69034,104.7547
-52.28311,19.69034,104.7547
-52.28311,19.69034,104.7547
-52.28311,19.69034,104.7547
-52.28311,19.69034,104.7547
-52.28311,19.69034,104.7547
-52.28311,19.69034,104.7547
-52.28311,19.69034,104.7547
-52.28311,19.69034,104.7547
-52.28311,19.69034,104.7547
-52.28311,19.69034,104.7547
-52.28311,19.69034,104.7547
-52.28311,19.69034,104.7547
-52.28311,19.69034,104.7547
-52.28311,19.69034,104.7547
-52.28311,19.69034,104.7547
-52.28311,19.69034,104.7547
-52.28311,19.69034,104.7547
-52.28311,19.69034,104.7547
-52.28311,19.69034,104.7547
-52.28311,19.69034,104.7547
-52.28311,19.69034,104.7547
-52.28311,19.69034,104.7547
-52.28311,19.69034,104.7547
-52.28311,19.69034,104.7547
-52.28311,19.69034,104.7547
-52.28311,19.69034,104.7547
-52.28311,19.69034,104.7547
-52.28311,19.69034,104.7547
-52.28311,19.69034,104.7547
-52.28311,19.69034,104.7547
-52.28311,19.69034,104.7547
-52.28311,19.69034,104.7547
-52.28311,19.69034,104.7547
-52.28311,19.69034,104.7547
-52.28311,19.69034,104.7547
-52.28311,19.69034,104.7547
-52.28311,19.69034,104.7547
-52.28311,19.69034,104.7547
-52.28311,19.69034,104.7547
-52.28311,19.69034,104.7547
-52.28311,19.69034,104.7547
-52.28311,19.69034,104.7547
-52.28311,19.69034,104.7547
-52.28311,19.69034,104.7547
-52.28311,19.69034,104.7547
-52.28311,19.69034,104.7547
-52.28311,19.69034,104.7547
-52.28311,19.69034,104.7547
-52.28311,19.69034,104.7547
-52.28311,19.69034,104.7547
-52.28311,19.69034,104.7547
-52.28311,19.69034,104.7547
-52.61755,19.64131,105.1997
-53.35046,19.62402,106.0525
-54.67374,19.67332,106.5576
-55.89131,19.82823,107.0261
-57.17908,19.69842,107.7914
-58.17354,19.73113,108.6591
-59.1566,19.72666,109.621
-59.96428,19.80252,110.6986
-60.81216,19.82314,111.9459
-61.49461,19.76056,112.9223
-61.651,19.78897,113.123
-61.651,19.78897,113.123
-61.651,19.78897,113.123
-61.651,19.78897,113.123
-61.651,19.78897,113.123
-61.651,19.78897,113.123
-61.651,19.78897,113.123
-61.651,19.78897,113.123
-61.651,19.78897,113.123
-61.651,19.78897,113.123
-61.651,19.78897,113.123
-61.651,19.78897,113.123
-61.651,19.78897,113.123
-61.651,19.78897,113.123
-61.651,19.78897,113.123
-61.651,19.78897,113.123
-61.651,19.78897,113.123
-61.651,19.78897,113.123
-61.86711,19.79795,113.1722
-62.75909,19.7577,113.3933
-64.57678,19.63432,114.0261
-66.8779,19.70797,114.8565
-69.33505,19.82729,115.978
-71.6322,19.63091,117.564
-72.20047,20.57621,118.657
-72.11281,21.30868,118.9795
-72.00882,21.56255,119.2456
-71.78464,21.42402,119.3777
-71.44025,20.89309,119.3759
-71.03467,19.85584,119.3441
-70.50447,19.43143,119.0588
-70.45728,19.43511,119.0284
-70.57886,19.42608,119.0253
-71.25604,19.40923,118.7142
-71.64804,19.64234,118.1392
-71.99414,19.96311,117.8096
-72.40411,20.3422,117.5689
-72.63049,20.55081,117.5584
-72.63049,20.55081,117.5584
-72.63049,20.55081,117.5584
-72.63049,20.55081,117.5584
-72.46495,20.39778,117.6505
-71.95267,19.92572,117.669
-71.3756,19.39235,117.9664
-70.64966,19.42255,118.723
-69.90945,19.4718,119.7408
-69.35236,19.61421,120.8475
-68.57498,19.67302,121.8824
-68.86813,19.85724,122.9181
-69.97952,20.23993,124.0994
-71.62125,20.77093,125.6004
-73.63641,20.93525,126.8261
-76.62212,20.39587,127.8939
-79.56085,20.01504,128.333
-82.17836,19.77368,129.1179
-81.79682,20.81484,131.1752
-80.68584,21.34065,134.0584
-79.54694,21.47342,137.005
-78.30316,21.1665,140.1886
-77.77953,21.04349,142.4471
-77.9979,20.98309,143.0859
-78.60696,20.97097,143.2356
-79.81837,20.97295,143.2314
-81.96105,19.92175,143.4306
-84.75747,19.45267,143.7596
-87.5686,19.51734,143.7379
-89.37993,19.5634,143.2124
-89.69408,19.57211,143.0362
-89.69595,19.57217,143.0351
-89.83545,19.57208,142.9453
-90.65775,20.07849,142.2943
-91.70746,21.1824,141.3867
-92.75681,21.77353,140.4524
-93.68367,21.96855,139.2151
-93.81419,21.72627,137.7401
-93.19667,21.27039,136.5171
-92.95811,21.26486,136.1844
-92.92204,21.25859,136.1898
-92.92204,21.25859,136.1898
-92.92204,21.25859,136.1898
-93.28175,21.2749,136.5983
-93.61232,21.29184,137.7965
-94.10215,21.20728,139.9218
-94.87428,19.99769,143.1391
-95.92347,19.19795,146.5521
-96.87128,19.21916,149.1445
-97.77785,18.99096,151.8793
-99.52444,18.92681,154.4
-101.6108,18.91373,156.3198
-103.8287,19.08995,158.0496
-106.1048,18.9496,159.8722
-108.2047,18.89846,162.3446
-109.915,18.87685,164.7046
-111.521,18.77833,166.9358
-113.1616,18.60833,169.5568
-114.2124,18.97336,172.4126
-114.1412,19.35293,175.0626
-114.1043,20.081,177.0905
-114.4709,20.15691,179.1011
-115.2169,19.56864,181.8068
-116.5154,19.24409,183.6762
-118.7769,19.07065,184.6135
-121.6157,18.26488,185.4076
-124.4345,17.92656,185.9388
-127.187,17.83556,186.5391
-130.175,17.78951,187.6177
-132.9137,17.61353,188.5792
-135.6409,17.61428,189.0476
-137.0355,17.89213,188.88
-137.3506,17.93949,188.7921
-137.3506,17.93949,188.7921
-137.3506,17.93949,188.7921
-137.3506,17.93949,188.7921
-137.3506,17.93949,188.7921
-137.3506,17.93949,188.7921
-137.3506,17.93949,188.7921
-137.3506,17.93949,188.7921
-137.3506,17.93949,188.7921
-137.3506,17.93949,188.7921
-137.3506,17.93949,188.7921
-137.3506,17.93949,188.7921
-137.3506,17.93949,188.7921
-137.3506,17.93949,188.7921
-137.3506,17.93949,188.7921
-137.3506,17.93949,188.7921
-137.3506,17.93949,188.7921
-137.3506,17.93949,188.7921
-137.3506,17.93949,188.7921
-137.3506,17.93949,188.7921
-137.3506,17.93949,188.7921
-137.3506,17.93949,188.7921
-137.3506,17.93949,188.7921
-137.3506,17.93949,188.7921
-137.3506,17.93949,188.7921
-137.3506,17.93949,188.7921
-137.3506,17.93949,188.7921
-137.3506,17.93949,188.7921
-137.3506,17.93949,188.7921
-137.3506,18.95156,188.7921
-137.3506,20.48606,188.7921
-137.3506,22.29828,188.7921
-137.3506,23.95374,188.7921
-137.3506,25.35453,188.7921
-137.3506,26.21595,188.7921
-137.3506,26.68497,188.7921
-137.3506,26.76159,188.7921
-137.3506,26.39264,188.7921
-137.3506,25.64523,188.7921
-137.3506,24.50541,188.7921
-137.3506,22.97319,188.7921
-137.3506,21.04857,188.7921
-137.3506,18.47826,188.7921
-137.139,17.88309,188.6593
-137.1278,17.88019,188.6527
-137.1278,17.88019,188.6527
-136.9168,17.85759,188.848
-136.2029,17.79258,189.4975
-135.2783,18.47019,190.3803
-134.196,20.13296,191.428
-133.2121,21.75756,192.3805
-132.2282,23.48975,193.3329
-131.146,25.48944,194.3806
-130.1621,27.02259,195.3331
-129.1782,28.16334,196.2855
-128.145,28.91534,197.2761
-126.9948,29.28363,198.3571
-125.7091,29.23702,199.5619
-124.5404,28.78264,200.6571
-123.4068,27.69657,201.8507
-123.5942,26.71571,202.2914
-123.6214,27.02223,202.4529
-123.805,28.50806,202.6391
-123.6924,30.06594,203.0869
-123.0167,31.4305,203.9404
-122.0947,32.28636,204.925
-121.5816,32.70172,205.7493
-121.8467,32.6096,206.3025
-122.0877,32.11383,206.8055
-122.0017,31.25537,207.1242
-121.9666,30.68404,207.0701
-121.9708,30.68103,207.049
-121.9708,30.68103,207.049
-121.9708,30.68103,207.049
-121.9708,30.68103,207.049
-121.9708,30.68103,207.049
-121.9916,30.67221,207.0074
-122.2379,30.55524,206.385
-122.2626,30.53187,206.2024
-121.7123,31.46489,206.5344
-121.9693,32.93674,206.5929
-122.1878,34.72817,206.821
-121.8119,36.75997,207.4092
-121.0614,38.67667,208.1251
-120.2689,40.23544,208.856
-119.4764,41.40182,209.5869
-118.563,42.23476,210.4109
-117.3274,42.61031,211.361
-116.1638,42.83825,212.1256
-115.5534,43.0413,212.0447
-115.5076,42.99738,212.0347
-115.3199,43.03415,211.9726
-114.5079,43.20351,211.7885
-113.3955,43.32499,211.6093
-111.8538,44.77688,211.4412
-110.4376,46.34148,211.2896
-109.0213,48.01369,211.1379
-107.4635,49.97739,210.9711
-106.0472,51.60056,210.8194
-104.631,52.83132,210.6677
-103.2147,53.66969,210.516
-101.6654,54.13867,210.3407
-100.7614,54.13285,209.5211
-100.6548,53.71553,207.8094
-100.6417,52.80327,205.5792
-100.6298,51.56191,203.5518
-100.6179,49.92815,201.5244
-100.7978,49.59976,200.2091
-100.8435,49.59834,199.9754
-100.8435,49.59834,199.9754
-100.8435,49.59834,199.9754
-100.8435,49.59834,199.9754
-100.8435,49.59834,199.9754
-100.8435,49.59834,199.9754
-100.8435,49.59834,199.9754
-100.8274,49.60926,199.7589
-100.5159,49.58366,198.8372
-100.1265,49.54771,197.8054
-99.22834,49.70009,196.7177
-98.15669,50.0165,194.8869
-97.12778,50.32599,192.9515
-95.62243,50.54038,190.943
-93.77714,50.80401,189.8595
-91.43776,51.09827,188.5072
-89.9861,51.1588,186.2089
-88.29921,51.29644,184.6327
-87.57132,51.31071,184.4695
-85.73055,51.27042,184.9412
-83.54063,51.34671,185.6781
-80.6739,51.14111,186.637
-78.64754,50.93972,188.6759
-77.00192,51.23959,190.9005
-75.80791,51.29124,192.5199
-74.4389,51.39891,193.887
-72.59987,51.7057,195.4165
-70.10843,52.13498,196.5868
-68.21521,52.51308,197.9984
-67.76785,52.74998,198.9652
-67.73419,52.8064,199.0802
-67.73419,52.8064,199.0802
-67.73419,52.8064,199.0802
-67.73419,52.8064,199.0802
-67.48148,52.90965,199.1363
-66.25735,53.35383,199.2928
-64.57362,53.91722,199.4099
-62.73035,54.52382,199.5172
-61.25468,54.92969,199.7836
-60.64182,55.08241,200.0923
-59.40134,55.54292,200.9553
-57.80673,56.18828,202.2579
-56.11502,56.77252,203.7805
-54.49466,56.84621,206.1584
-53.51004,56.97439,208.7575
-52.55069,57.11127,211.7115
-51.75974,57.24085,214.736
-50.89354,57.3696,217.4472
-49.94542,57.43593,217.5
-49.29065,57.48013,217.4973
-49.05795,57.496,217.5
-48.30887,57.54675,217.5
-47.20517,57.62244,217.5
-45.91269,57.5255,217.4886
-44.38762,57.42658,217.387
-43.02867,57.327,216.9622
-41.57724,57.10014,216.3598
-40.30446,56.83175,215.7343
-39.1649,56.56702,214.8855
-38.13997,56.24725,213.8882
-37.26682,56.97122,212.7567
-36.34439,58.46288,211.589
-35.42197,60.06214,210.4212
-34.49953,61.769,209.2535
-33.48485,63.74082,207.9689
-32.56242,65.24863,206.8012
-31.54774,66.45402,205.5166
-30.61852,67.13681,204.3349
-29.64551,67.42063,203.0626
-28.55695,67.27679,201.6246
-27.56734,66.73401,200.3174
-26.57773,65.79884,199.0102
-25.58812,64.47126,197.703
-24.59851,62.75127,196.3958
-23.38264,60.39588,194.4186
-22.09351,57.55996,192.1334
-21.1944,56.25405,190.0589
-20.25244,56.33887,187.4724
-19.14063,56.45596,185.032
-17.31163,56.69454,182.6725
-14.99588,57.02645,180.7585
-12.63712,58.15526,178.9875
-10.17976,59.72578,177.1924
-7.476654,61.57763,175.2179
-5.373138,63.54521,173.3911
-3.42421,65.31219,171.5514
-1.251984,66.86939,169.9006
0.702179,68.00311,169.5068
2.127472,68.74444,170.1581
2.721207,69.10668,171.6666
2.244537,69.02396,172.669
1.19957,68.4567,173.4781
-0.409317,67.36108,173.7749
-2.005508,65.9512,173.7087
-3.601715,64.14893,173.6425
-5.261353,62.66621,173.5818
-5.610687,62.68715,173.9234
-5.612869,62.68712,173.925
-5.612869,62.68712,173.925
-5.34053,62.70514,173.7709
-4.556122,62.77242,173.3778
-3.610809,62.83058,172.8287
-2.084244,62.95672,172.0478
-0.3375702,63.40282,171.8434
0.3266449,63.50558,171.9571
0.3610077,63.51019,171.951
0.3610077,63.51019,171.951
0.3610077,63.51019,171.951
0.3610077,63.51019,171.951
0.3610077,63.51019,171.951
0.3610077,63.51019,171.951
0.3610077,63.51019,171.951
0.3610077,63.51019,171.951
0.3840637,63.51368,171.9444
1.590698,63.63983,171.6196
3.071594,63.32754,171.0998
4.903778,62.61553,170.1998
7.08728,61.50383,168.9197
9.08902,60.40892,168.2796
10.75421,60.68232,169.1858
12.37506,60.96013,170.2918
14.40144,61.30907,171.698
16.88672,61.616,171.6678
19.17319,61.76933,169.7684
20.67372,61.8054,167.586
22.79973,61.92599,165.501
24.92465,62.06899,163.7433
27.11057,62.2226,162.0293
29.41644,62.11717,160.1674
31.71338,61.57271,158.4074
33.98695,61.02608,156.7436
36.28043,60.65969,155.0667
38.60721,60.19662,153.389
40.86633,60.19772,151.7807
43.24326,60.35595,150.0831
45.59343,60.54242,148.4731
48.15546,60.74244,146.746
50.47612,60.92282,145.1874
52.76724,61.10836,143.5944
55.26901,61.31577,141.8201
57.75113,61.52691,140.0205
60.0033,61.71839,138.3792
62.19815,61.72758,136.2936
64.04349,61.75219,134.2339
66.39246,61.77308,132.1931
68.62595,61.72575,130.4054
71.12082,61.65332,128.4592
73.40073,61.58721,126.6959
75.68921,61.01979,124.8564
77.37286,61.60886,123.427
79.21259,62.49834,121.9065
81.47751,62.28509,120.1856
83.79764,61.70726,118.4261
86.20282,60.94572,116.6
88.19052,60.76286,114.8746
90.02811,60.95956,112.7566
91.60797,61.14099,110.7723
93.30127,61.49633,108.6205
95.21503,61.7017,106.5209
97.19458,61.76516,104.6623
99.20847,61.8214,102.7959
101.3551,61.60284,100.9142
103.6084,61.55824,98.93127
105.6307,61.51805,97.15099
107.6431,61.47728,95.3756
109.6467,61.43416,93.59573
111.8389,61.38245,91.62645
113.865,61.26824,89.4847
115.7382,61.38346,87.55054
117.7085,61.60432,85.60497
119.503,61.42088,84.01028
120.0294,61.2934,83.71951
120.0712,61.29163,83.7184
120.0931,61.2943,83.73368
121.0579,61.42551,84.46627
121.9791,61.9355,86.30426
122.4081,62.46206,88.62793
122.6973,63.07953,91.35654
122.9506,63.69733,94.12939
122.7885,64.19558,96.67053
122.5427,64.68176,99.21869
122.3245,65.17301,101.7698
122.1053,66.10452,104.4531
121.8816,67.52729,107.4111
121.6354,69.2166,110.665
121.4117,70.81534,113.6231
121.187,72.09673,116.6212
120.9587,72.986,119.7792
120.7304,73.48289,122.9372
120.5022,73.58737,126.0953
120.2511,73.24908,129.5691
120.5457,73.38115,131.3082
121.3046,73.67147,131.4119
121.9062,73.86046,130.5265
122.7679,73.58813,128.7952
124.1519,72.74892,126.0006
125.4243,71.74688,123.3558
126.4765,71.01276,121.0161
127.4817,70.31187,118.7931
128.4798,69.81898,116.6335
130.0786,69.46705,115.2123
132.6122,69.28265,114.2558
135.0196,69.54621,114.0012
137.4702,69.88628,113.932
140.2743,71.14833,113.8842
143.2674,72.73917,113.8466
146.5597,74.61335,113.8054
149.5527,76.43018,113.7678
152.845,78.44794,113.7265
155.838,79.9157,113.689
159.1303,81.077,113.6477
162.1233,81.72072,113.6102
164.9476,81.97205,113.4239
167.0099,81.79527,112.3334
167.9123,81.22255,110.5407
168.0901,80.14578,108.2299
167.5136,78.778,107.0009
166.1617,77.03054,106.6843
164.9055,76.02201,106.5872
164.684,76.16781,106.6326
164.9007,76.61906,106.3549
165.451,78.04971,105.6613
166.048,79.58633,104.8938
166.7428,81.39983,103.96
167.4366,83.1509,102.9932
168.2161,84.81992,101.8995
168.9326,85.92423,100.8919
169.761,86.62289,99.69757
170.6642,86.92032,98.38542
171.576,86.82436,97.06027
172.4877,86.33601,95.73512
173.4906,85.3456,94.27747
174.4023,84.0332,92.95232
175.314,82.3284,91.62717
176.3169,79.99989,90.1695
176.7547,79.2833,89.19349
177.0275,79.55009,88.24754
177.3014,79.81309,87.18842
177.3469,79.96172,85.68195
176.5316,80.01242,83.36891
175.3147,79.96888,81.17355
173.9691,79.89466,79.03439
171.9873,79.52143,77.62051
169.6878,79.07834,76.16098
167.9893,78.85708,74.27728
166.2176,78.62051,72.36421
163.9091,78.13735,71.44236
161.3605,77.49291,71.42137
158.9719,76.97532,70.62605
157.1531,76.19216,69.55085
154.8692,74.82247,67.96109
151.8902,72.63923,65.90271
149.4078,70.38821,64.18739
146.9502,67.77299,62.4892
144.188,67.00137,61.6664
141.6688,66.20054,61.72945
139.1507,65.38828,62.11354
136.3639,64.48998,62.52034
133.5421,63.59161,62.62787
130.9102,62.96521,62.70133
128.1758,62.45288,62.77133
125.4103,61.9347,62.84112
122.6348,61.4108,62.91117
119.8574,60.88118,62.98276
117.0791,60.35139,63.05502
114.2978,59.84142,63.14462
111.4879,59.42986,63.25904
108.3851,58.97327,63.38576
105.5606,58.55762,63.50118
102.7402,58.14426,63.6951
99.88028,57.47005,64.06793
96.86755,56.34004,64.46084
94.03403,55.93237,64.8394
90.93741,55.47758,65.24584
88.12854,55.07204,65.61628
85.40509,54.87267,65.89692
82.54398,55.15826,65.94844
79.7471,55.41241,65.92373
77.22244,55.63483,65.87989
74.45175,55.87641,65.82405
71.93686,56.1116,65.82227
69.25238,56.16819,66.19502
66.4545,55.98192,66.78957
63.7045,55.87867,67.39153
60.9892,55.78983,68.06699
58.32043,55.72756,68.88593
55.6734,55.57478,69.83199
52.47607,54.97433,71.01501
49.78726,54.5214,72.02195
47.14354,54.1005,73.00898
44.51399,53.77019,73.93069
41.99321,54.26894,74.73058
40.46524,54.56542,74.88427
39.71521,55.88334,74.62917
38.62846,57.60689,73.97989
37.43744,59.47638,72.93619
36.33032,61.29147,71.71133
35.21321,63.06821,70.36136
33.98369,64.5854,68.86786
32.86595,65.55264,67.51013
31.74821,66.12748,66.1524
30.96587,66.30991,64.78049
31.40222,66.05737,63.52716
32.60593,65.41577,62.83225
33.83987,64.38177,62.15689
35.07381,62.95537,61.48154
36.43114,60.93311,60.73865
37.61388,58.97976,59.68082
38.66841,57.15161,57.80973
39.55356,54.68586,55.26387
40.44185,52.91206,52.93322
40.68062,52.85084,50.59915
40.21776,52.9565,48.15047
39.52011,53.20834,45.69037
38.69664,53.58191,43.38165
37.04703,54.31155,42.05872
35.03313,55.0751,41.21133
32.72902,54.87476,39.84747
31.37546,54.75295,37.44923
30.95499,55.05174,34.78923
30.77583,55.3772,32.09321
30.66624,55.68382,29.11362
30.58621,55.95245,26.40267
30.53532,56.19492,23.67365
30.58818,56.4783,20.66488
30.65117,56.76336,17.65411
30.70798,57.0237,14.91662
30.4948,57.256,11.94075
28.5612,57.18095,9.820274
26.37791,56.92875,8.216911
24.21815,56.72193,6.572861
23.06346,56.60603,6.067535
21.66873,56.3548,6.147705
19.65331,56.51053,5.407112
17.68356,56.75523,3.588783
16.33807,58.24165,0.9789658
14.99051,59.80561,-1.651207
13.64296,61.08218,-4.28138
12.38699,61.96106,-7.028381
11.42386,62.45795,-10.27554
11.36737,62.48196,-12.98822
11.52307,62.04688,-16.02737
11.67787,62.24339,-17.67004
12.36528,62.47395,-18.90578
13.33794,62.69152,-19.95998
14.35135,62.87888,-20.80698
15.49962,63.04639,-21.48788
16.62166,63.17396,-22.23387
17.62369,63.20745,-23.05193
18.75792,63.29205,-23.81485
19.8871,63.38629,-24.53871
20.98584,63.37908,-25.26111
22.21196,62.85539,-25.99289
23.54268,61.93005,-26.77032
25.00647,60.45894,-27.6255
26.33719,58.70955,-28.40294
27.66791,56.56776,-29.18037
28.23253,56.84181,-29.62427
29.0448,57.14149,-30.31346
29.82312,57.51314,-30.93689
30.67665,57.68983,-31.6105
31.70883,57.80157,-32.27145
32.64539,57.89803,-32.90004
33.37839,58.03583,-33.70093
33.77643,58.01654,-34.14423
33.81224,58.00958,-34.15854
33.88181,58.07556,-34.40524
34.0217,58.31475,-35.19447
34.10172,58.44022,-35.61469
34.12274,58.43241,-35.61285
34.12274,58.43241,-35.61285
34.12274,58.43241,-35.61285
34.12274,58.43241,-35.61285
34.12274,58.43241,-35.61285
34.12274,58.43241,-35.61285
34.06569,58.2253,-34.98935
33.75664,57.72763,-33.3304
33.3472,57.15253,-31.29428
32.5067,56.27635,-29.03828
31.74849,55.45878,-26.89908
31.11304,55.24725,-24.532
30.55937,55.09295,-21.94566
29.8669,56.68599,-18.73265
29.23737,58.24719,-15.81174
28.54491,60.08879,-12.59874
27.91537,61.87595,-9.677826
27.59001,64.6031,-8.170395
27.07916,66.68078,-5.866135
26.54634,68.3664,-3.468475
25.97206,69.78341,-1.063622
25.52507,70.73317,0.06347656
25.22914,71.35108,0.3287277
24.94638,71.58117,0.5287628
24.81215,71.38104,0.7825241
25.75528,70.78708,1.216408
27.25951,69.68052,1.782722
28.51927,68.2926,1.760605
28.70712,66.32497,1.310883
28.12912,65.20006,0.4768448
27.28676,65.08949,-0.2147369
27.06581,65.03712,-0.4420166
27.05968,64.71217,-1.062553
27.04875,64.10333,-2.224876
27.12186,63.93302,-2.780327
27.12962,63.93291,-2.783783
27.28839,64.08514,-3.366562
27.54021,64.09792,-4.358757
27.59601,64.10455,-4.523193
27.59601,64.10455,-4.523193
27.59601,64.10455,-4.523193
27.5226,64.09578,-4.306015
27.30322,64.0707,-3.373062
26.83582,64.27918,-2.014404
26.50684,65.15926,-0.5415192
26.20726,66.08167,1.005127
25.92159,67.01222,2.575577
25.57561,68.0465,4.326042
25.18065,69.00695,5.914207
24.75742,69.97365,7.499687
24.25636,70.94794,9.059837
23.70076,72.02632,10.76881
23.24951,73.00988,12.30141
22.83405,73.98058,13.83093
22.43019,74.94694,15.35912
22.05093,75.90919,16.89373
21.81277,76.8828,18.43321
21.71075,77.83134,19.99128
21.92293,78.53442,21.64494
22.16158,78.47672,23.29228
22.40022,78.02662,24.93962
22.48236,77.94962,26.32001
22.26331,78.05327,27.61795
22.04977,78.83188,29.29887
21.82297,79.49199,31.33244
21.6566,80.51249,33.48523
21.52409,81.51202,35.5628
21.42603,82.40137,37.42189
21.30862,83.37389,39.45799
21.09918,84.27798,41.32295
20.86015,85.19323,43.19887
20.61632,86.11178,45.07977
20.36977,87.03161,46.96226
20.10373,88.05155,49.02832
19.89081,88.98506,50.87149
19.68822,89.99767,52.88535
19.54984,90.90818,54.71869
19.43376,91.90644,56.73737
19.35115,92.8457,58.55
19.27599,93.78181,60.35875
19.40155,94.69192,62.17531
19.69023,94.90516,64.13571
19.97137,94.6129,66.19234
20.70114,94.59943,66.76862
22.30736,94.51269,66.82532
23.14102,94.50359,67.61567
23.09967,94.57116,68.99839
22.8924,94.63805,70.17121
22.8223,94.65624,70.47386
22.78883,94.65887,70.48986
22.07489,94.71505,70.8382
20.95442,94.79447,71.19949
20.02747,94.86032,71.39151
19.73978,94.87659,71.30761
19.20776,94.9078,71.03055
18.33287,94.97415,70.86811
17.26434,95.05164,70.55961
16.9319,95.05152,70.44823
16.9319,95.05152,70.44823
16.9319,95.05152,70.44823
16.93744,95.04065,69.83976
17.60039,94.89092,68.02405
18.59459,94.67139,65.39624
19.15891,94.54913,63.88491
19.27461,94.62247,63.64674
19.32346,94.67378,63.58123
19.51253,94.85278,63.13485
19.67305,94.74898,62.32
19.66937,94.5619,62.10069
19.67274,94.54654,62.08879
19.67274,94.54654,62.08879
19.67274,94.54654,62.08879
19.67274,94.54654,62.08879
19.67274,94.54654,62.08879
19.67274,94.54654,62.08879
19.43442,94.66524,62.1639
18.96788,94.90626,62.65275
18.45212,94.84216,63.60222
17.96243,94.69981,64.89065
17.65948,94.7937,66.22542
17.39532,94.8933,67.72868
17.17563,94.98987,69.24722
16.97586,95.09663,70.76393
16.76915,94.91273,72.1454
16.54575,94.68313,73.36313
16.44901,95.04994,73.73786
16.39424,96.54653,73.93035
16.334,98.31706,74.14209
16.27925,99.89961,74.33458
16.22449,101.1048,74.52707
16.16425,101.9772,74.73881
16.10402,102.3748,74.95055
16.04926,102.3243,75.14304
15.99449,101.8814,75.33553
15.93973,101.046,75.52802
15.87947,99.67394,75.73975
15.81923,97.82704,75.95149
15.75899,95.50534,76.16323
15.50664,93.98682,76.41206
15.32353,93.9353,76.43392
15.32353,93.9353,76.43392
15.32353,93.9353,76.43392
15.32353,93.9353,76.43392
15.32353,93.9353,76.43392
15.32353,93.9353,76.43392
15.32353,95.24467,76.43392
15.32353,96.8007,76.43392
15.32353,98.6366,76.43392
15.32353,100.3136,76.43392
15.32353,101.738,76.43392
15.32353,102.621,76.43392
15.32353,103.1115,76.43392
15.32353,103.2096,76.43392
15.32353,102.8644,76.43392
15.32353,102.1385,76.43392
15.32353,101.0202,76.43392
15.32353,99.50948,76.43392
15.32353,97.60638,76.43392
15.32353,95.05976,76.43392
15.09175,93.85203,76.57408
15.00284,93.82033,76.62678
15.00284,94.68388,76.62678
15.01439,96.3159,76.62353
15.7753,97.48301,76.63695
17.75746,98.3136,77.16228
19.7616,98.65665,77.74761
21.74213,98.56254,77.95837
23.54939,97.92603,77.41244
24.83499,96.86244,76.21415
25.94017,95.17533,74.28369
27.00888,93.99402,72.42891
27.1935,93.70354,71.63302
27.27997,93.64088,71.51832
27.27997,93.64088,71.51832
27.27997,93.64088,71.51832
27.27997,93.64088,71.51832
27.27997,93.64088,71.51832
27.27997,93.64088,71.51832
27.27997,93.64088,71.51832
27.27997,93.64088,71.51832
27.27997,93.64088,71.51832
27.27997,93.64088,71.51832
27.27997,93.64088,71.51832
27.49059,93.44711,71.36266
28.15283,92.80816,70.97672
29.2018,91.70768,70.27648
30.26567,90.21192,69.56145
31.43594,88.11337,68.77493
32.49982,85.79356,68.0599
33.57486,83.07989,67.335
34.86975,79.62763,66.45607
36.18484,76.05979,65.59355
37.65195,72.07935,64.66622
39.47929,67.66644,63.64075
41.90056,62.82322,62.5146
44.33469,60.15911,60.57244
46.43343,59.66311,59.27127
48.58516,59.22094,58.38035
51.38367,58.33594,57.38046
54.66714,56.90237,56.24304
57.65213,55.18712,55.20903
60.5191,54.12442,53.90627
62.72385,53.62366,52.33824
65.15955,53.11273,50.56207
67.71204,52.52589,48.56155
70.01175,52.02418,46.67174
72.27808,51.29436,44.7144
74.17957,51.03116,42.88149
75.9921,51.26974,40.95341
77.77432,51.55479,39.01329
79.43161,51.80088,36.96437
80.93378,52.18963,34.9005
82.26413,52.82975,32.94395
83.57755,53.46043,31.03026
84.88501,54.08785,29.13149
86.32092,54.77673,27.04871
87.62558,55.4026,25.15707
89.38968,55.24132,23.09531
91.09976,55.05296,21.07251
92.81329,54.86028,19.02856
94.72299,56.30045,16.75924
96.63272,57.84822,14.48991
98.7334,59.67506,11.99364
100.6431,61.44878,9.724304
102.7438,63.38417,7.228035
104.6535,64.75887,4.95871
106.6951,65.74014,2.539246
108.7498,66.32894,0.1047668
110.8595,66.52492,-2.392159
112.8773,66.3292,-4.784592
114.9215,65.74088,-7.207047
117.133,64.64079,-9.829437
119.3322,63.066,-12.438
121.3316,61.22235,-14.80942
123.331,58.9863,-17.18085
123.5803,58.60039,-19.98135
123.7288,58.05875,-22.82588
123.8218,58.17632,-25.57213
124.0168,58.31466,-28.30408
124.3705,58.48305,-31.01372
124.7921,58.66416,-33.7099
125.2643,58.86493,-36.67271
125.7133,59.05114,-39.36203
126.2222,59.07374,-42.07835
126.8978,58.52981,-45.01686
127.4682,58.24407,-47.701
127.8084,58.56209,-50.21478
128.4579,57.99118,-53.39842
129.0107,57.62955,-56.12885
129.4531,57.22859,-58.80478
129.8398,56.67972,-61.45355
129.5555,56.07109,-64.2262
128.2788,55.32251,-66.37668
127.6245,54.69305,-68.80862
128.0393,54.0046,-71.62839
128.8338,53.76272,-74.17961
129.2977,54.17912,-76.69727
130.4019,54.81297,-79.15817
131.7332,54.85834,-81.41205
133.3765,54.62227,-83.82269
135.5598,55.35442,-85.51183
137.3109,56.10272,-86.78189
139.4752,56.70125,-87.33492
142.1015,56.95221,-87.32228
144.8077,57.30209,-87.4761
147.0157,57.82604,-88.914
148.9168,58.45232,-91.05933
150.3311,58.85053,-93.28761
151.8569,59.25941,-95.80539
153.152,59.61916,-98.16364
154.4538,59.91704,-100.5385
156.0253,59.31312,-103.0727
157.415,58.8178,-105.5503
157.8795,59.66012,-107.2653
158.4993,59.9478,-109.0105
159.5966,59.66283,-111.3466
160.8174,59.18677,-113.8038
161.9045,58.45216,-116.0825
163.2588,57.11957,-118.4398
164.1808,56.56816,-120.9103
164.8899,56.2958,-123.8413
165.5608,57.2091,-126.7985
166.252,58.71489,-129.8496
166.9433,60.32828,-132.9008
167.6345,62.04927,-135.9519
168.3257,63.86286,-139.0031
169.0861,65.55859,-142.3593
169.7773,66.68813,-145.4105
170.4685,67.42528,-148.4616
171.1046,67.76929,-151.5577
171.6943,67.72054,-154.683
172.3506,67.21381,-158.1137
172.8561,66.33958,-161.3073
172.863,66.48997,-163.1478
172.0655,66.45238,-164.1245
170.799,66.32117,-164.8728
169.3722,66.07902,-164.6573
168.8489,65.96339,-164.2774
168.6087,65.92747,-164.2955
167.705,65.78327,-164.262
166.4344,65.62247,-164.6855
165.1017,65.47049,-165.3169
164.4221,65.41808,-165.9204
164.3912,65.4194,-165.9894
164.3912,65.4194,-165.9894
164.3912,65.4194,-165.9894
164.3912,65.4194,-165.9894
164.7299,65.46627,-165.9214
165.506,66.65253,-165.3615
166.2948,68.13548,-164.754
167.1769,69.27269,-164.0601
168.2735,70.00858,-163.1537
169.49,70.34653,-162.1207
170.7273,70.29102,-161.0637
171.9647,69.84311,-160.0068
173.1595,69.002,-158.9285
173.2577,67.60079,-157.173
171.8716,65.88268,-155.0258
169.7839,64.76814,-152.95
167.6911,64.07837,-151.3812
165.6161,63.31817,-149.3459
163.725,62.65517,-147.4672
161.5815,61.77248,-145.5731
159.609,60.09634,-144.0584
157.254,58.02219,-142.2936
155.0813,56.24868,-140.6661
152.5518,54.41811,-138.7733
150.4615,54.13174,-137.6085
148.2628,54.7265,-136.5804
145.5582,56.09686,-135.3011
142.8099,57.1921,-133.9656
139.6971,57.94207,-132.4558
136.8567,58.21284,-131.078
134.0163,58.09122,-129.7001
131.1759,57.57719,-128.3222
128.3354,56.67077,-126.9444
125.3683,55.58494,-125.5082
123.8785,55.58257,-124.6737
122.8402,55.57541,-124.5983
121.6082,55.56637,-124.5767
120.2418,55.55618,-124.5736
118.7993,55.54942,-124.0627
117.5573,55.54576,-123.3489
116.1952,56.55532,-122.6112
114.7912,58.01437,-121.8497
113.3873,59.55602,-121.0882
112.1756,60.98026,-120.0512
111.6106,62.01212,-118.0899
111.2621,62.69392,-115.5405
110.9555,62.90173,-113.0849
110.6183,62.6771,-110.3838
110.3118,62.06087,-107.9282
110.0052,61.05224,-105.4726
109.6987,59.65121,-103.017
109.3922,57.85778,-100.5614
109.0856,55.67194,-98.1058
108.7791,53.09371,-95.65021
108.1404,53.11395,-94.44293
107.7874,53.08498,-94.60733
107.4146,53.05145,-96.31618
107.0568,53.01778,-98.73769
107.6356,53.26794,-101.3089
108.6436,53.59011,-103.8244
109.6882,53.85632,-106.3547
111.3903,53.669,-108.8489
113.0125,53.88184,-111.3591
113.5784,54.69122,-112.8047
113.9103,55.16728,-113.7639
114.4038,55.155,-114.7322
114.6196,55.21545,-115.4441
114.8862,55.30773,-116.5648
114.8078,55.39902,-117.8747
114.6531,55.49075,-119.2359
114.0941,55.57154,-120.4929
113.082,55.52553,-121.6709
111.9359,55.50842,-122.7543
110.7485,56.96586,-123.824
109.561,58.53091,-124.8935
108.3735,60.20356,-125.963
107.186,61.9838,-127.0324
105.9985,63.79665,-128.1019
104.8109,65.26709,-129.1714
103.5047,66.43136,-130.3479
102.1913,67.1203,-131.5213
100.6083,67.30692,-132.317
98.85138,67.08878,-132.9805
97.09448,66.47823,-133.6439
95.33759,65.47529,-134.3074
93.405,63.91882,-135.0372
91.49167,62.08067,-135.5988
89.14725,59.8185,-135.7911
86.34351,57.12482,-135.3109
83.50833,54.73676,-134.8823
81.81519,54.3165,-134.9879
80.4884,53.39358,-134.7053
79.4996,52.67556,-134.3171
78.82657,52.23127,-133.7267
77.9209,51.31377,-133.0263
76.83902,50.73641,-132.4452
75.70987,50.13379,-131.8131
74.70581,49.59755,-131.2359
73.68887,49.05568,-130.7009
72.54492,49.03416,-130.1039
71.44363,50.47372,-129.5198
70.23221,52.18151,-128.8772
69.13089,53.84702,-128.2931
67.91946,55.47337,-127.6506
66.80447,56.53887,-127.0592
65.49741,57.19843,-126.3661
64.12137,57.46075,-125.6373
62.74536,57.33067,-124.9086
61.36935,56.80819,-124.1798
59.99335,55.89331,-123.451
58.61734,54.58603,-122.7223
57.10376,52.6948,-121.9206
55.72775,50.56348,-121.1919
54.35175,48.03976,-120.4631
52.97577,45.12363,-119.7344
51.46219,41.46268,-118.9327
51.67117,38.8896,-118.4846
52.95331,38.32586,-118.3122
53.12875,38.32957,-118.2659
53.06259,38.32426,-118.2412
52.32288,39.16148,-117.97
51.37103,40.66579,-117.6248
50.35248,42.27405,-117.2568
49.27467,43.98661,-116.8685
48.01202,45.96047,-116.415
46.83051,47.46827,-115.9911
45.51584,48.67284,-115.5204
43.91087,49.39167,-114.9754
41.2124,49.6149,-114.2142
38.1929,49.44182,-113.3853
35.13486,48.87589,-112.5466
32.12595,47.918,-111.7266
28.8949,46.60554,-110.8341
26.28169,46.51373,-109.7151
23.46442,46.34635,-108.3139
20.98398,46.56038,-106.6765
19.58243,46.52173,-104.5687
18.30042,46.00087,-101.95
17.47708,46.36369,-99.52824
16.86415,46.96337,-97.26068
16.19531,47.57888,-94.96507
14.58263,47.63431,-93.15131
12.36891,48.15434,-93.58334
10.33823,48.7672,-95.29123
8.043579,49.32515,-95.84961
5.653381,49.76828,-95.09814
3.314056,50.16467,-94.00226
0.9612427,50.58376,-93.09732
-1.706573,51.04597,-93.08092
-4.024414,51.53102,-94.27332
-6.178589,51.92951,-95.55821
-8.529831,52.08447,-96.57202
-10.89642,52.14772,-97.16754
-11.98509,52.0378,-96.56772
-13.57555,51.44902,-95.65115
-15.37984,50.7958,-94.47397
-17.07426,51.20668,-92.58948
-19.23692,52.86153,-90.27319
-21.20297,54.47892,-88.16748
-23.16904,56.20391,-86.06177
-25.13509,58.0365,-83.95605
-27.29776,59.95162,-81.63977
-29.34584,61.28418,-79.44681
-31.44708,62.22343,-77.17503
-33.73758,62.8016,-74.52853
-35.772,62.91423,-72.0322
-38.00986,62.58492,-69.28622
-40.04427,61.87351,-66.78989
-42.28214,60.63775,-64.04391
-44.31654,59.1023,-61.54758
-46.35095,57.17446,-59.05124
-48.53604,54.9028,-56.37341
-49.46704,54.82906,-55.36116
-49.70251,54.73452,-55.09077
-49.87523,54.7822,-55.50606
-50.43689,54.829,-57.11795
-51.11026,54.85197,-58.84331
-51.44534,54.64319,-60.29803
-51.46629,54.55465,-60.90724
-51.28471,54.3017,-62.46744
-50.95282,54.14583,-64.82532
-50.63373,54.89686,-67.03043
-50.21997,55.15854,-69.59491
-49.74806,55.58031,-72.21738
-49.24422,56.02633,-74.86047
-48.60924,56.36662,-77.51959
-48.00793,56.84073,-79.59979
-47.47134,57.2774,-81.4917
-46.95731,57.70101,-83.31799
-46.4007,58.16187,-85.30113
-45.93401,58.51202,-87.12288
-45.62302,58.57808,-89.05518
-45.24861,58.71952,-91.09476
-44.89151,58.87888,-92.91194
-44.65631,58.42859,-95.45761
-43.90253,57.80664,-98.4115
-42.04362,57.62807,-101.1054
-40.93155,58.45254,-103.2422
-40.13797,59.97446,-105.983
-39.34439,61.60398,-108.7239
-38.47147,63.52074,-111.7388
-37.6779,65.37624,-114.4797
-36.88432,67.06433,-117.2206
-36.09076,68.36002,-119.9614
-35.21783,69.33205,-122.9764
-34.42426,69.80368,-125.7172
-33.63068,69.88293,-128.4581
-32.75775,69.51688,-131.4729
-31.96419,68.77209,-134.2137
-31.38158,69.04104,-135.9368
-30.54237,69.3727,-136.8351
-29.6189,69.68641,-137.3287
-28.60121,69.77157,-138.1226
-27.7719,69.94733,-139.1583
-26.99216,70.09528,-140.2402
-26.20186,69.99123,-141.3755
-25.27393,69.95715,-142.6211
-24.3696,69.91767,-143.7048
-23.72299,69.88298,-144.3458
-23.61615,69.87518,-144.4089
-23.61615,69.87518,-144.4089
-23.61615,69.87518,-144.4089
-23.63098,69.86504,-144.168
-23.81401,69.80114,-142.4608
-24.24391,69.71513,-139.7772
-24.87517,69.65358,-137.1415
-25.81998,69.21153,-134.3038
-26.67783,68.29408,-131.3958
-27.45349,67.54999,-128.5652
-28.24661,66.8819,-125.515
-29.09935,65.69442,-122.2001
-29.87454,64.20286,-119.1865
-30.64975,62.31889,-116.173
-31.50247,59.79331,-112.8581
-32.27768,57.0853,-109.8446
-32.39346,56.24772,-107.6414
-32.20819,56.50195,-105.9976
-31.75844,55.91727,-103.0367
-31.86339,55.0789,-100.2435
-32.73096,54.66813,-97.7948
-34.14104,54.58585,-95.74719
-35.92903,54.98834,-93.53444
-37.82959,55.1988,-91.23776
-39.26201,55.37858,-89.25729
-39.99847,55.31891,-86.76514
-41.1261,55.50079,-84.57956
-42.67569,55.92919,-82.54706
-44.57748,55.77657,-80.34236
-46.46986,55.84007,-78.20819
-47.93542,55.84562,-75.91252
-48.97923,55.79231,-73.43369
-50.81697,55.3472,-70.7518
-52.83566,54.80466,-68.25461
-54.67183,54.4817,-66.10873
-56.39401,54.64631,-64.00833
-57.63312,54.47562,-61.68695
-57.9977,54.20624,-59.01689
-58.75879,54.11809,-56.14864
-60.33981,53.98618,-53.90961
-62.28418,53.87355,-51.8638
-64.40686,53.47276,-49.99991
-66.57501,53.39289,-48.17426
-69.06668,53.62215,-46.461
-71.15965,54.15096,-44.88647
-73.68712,54.28088,-43.07089
-76.06832,54.41906,-41.45557
-78.458,54.54703,-39.9272
-80.94853,54.52242,-38.47324
-82.96129,54.02982,-37.34785
-83.36428,53.94543,-37.07581
-83.36676,53.94317,-37.06395
-83.33737,53.97156,-37.21335
-83.22121,54.10628,-37.93518
-83.55298,54.35433,-39.56172
-84.48972,55.57943,-42.32175
-85.44026,57.09894,-45.05563
-86.39081,58.72604,-47.78951
-87.34135,60.46075,-50.52339
-88.2919,62.27306,-53.25726
-89.3448,63.92934,-56.28278
-90.47063,65.11554,-59.49062
-91.55156,65.78391,-62.47803
-92.59368,66.05963,-65.46783
-93.61762,65.9427,-68.45184
-94.64156,65.43338,-71.43585
-95.6655,64.53165,-74.41986
-95.8743,65.00953,-76.12433
-96.61932,65.70339,-77.62448
-97.64462,66.47212,-79.14571
-99.05111,66.9726,-80.7702
-100.6132,67.4986,-82.30435
-102.375,68.04731,-83.93945
-103.9881,68.53558,-85.40619
-105.0699,68.80478,-86.36385
-106.2219,68.73718,-87.19122
-107.5335,68.54599,-87.98029
-109.1016,67.85776,-89.68231
-111.222,66.52707,-92.44188
-113.1498,64.90533,-94.95058
-114.6766,63.86639,-97.20102
-115.8507,64.2458,-99.26361
-116.3957,63.98289,-102.2325
-116.9521,63.76452,-105.3473
-117.2336,63.86607,-107.9508
-117.4132,64.11493,-110.4843
-117.7674,64.96542,-112.891
-118.1563,66.36856,-115.2015
-118.5903,68.07472,-118.3017
-118.9848,69.73873,-121.12
-119.4188,71.69345,-124.2201
-119.8133,73.44345,-127.0384
-120.2265,74.81793,-129.9743
-120.6586,75.8019,-133.0309
-121.1045,76.39479,-136.1787
-121.6044,76.59456,-139.6962
-122.1087,76.31965,-143.2208
-122.5571,75.65692,-146.368
-123.0503,74.47471,-149.8298
-123.4987,72.98795,-152.9769
-123.9471,71.1088,-156.124
-124.3954,68.83723,-159.2712
-125.1118,67.50481,-162.2018
-126.1759,67.71462,-164.6259
-127.1938,67.61874,-167.2022
-128.1844,67.27031,-169.9358
-129.4675,68.02448,-171.8406
-130.5251,68.72471,-173.2905
-131.5933,69.48112,-174.8305
-132.5119,70.17441,-176.2207
-133.356,70.80471,-177.4877
-133.7812,71.06564,-178.0389
-133.8208,71.07066,-178.0607
-133.8208,71.07066,-178.0607
-133.8769,71.02998,-178.018
-134.7549,70.39334,-177.3494
-136.08,70.73294,-175.8854
-137.9665,72.1502,-173.5832
-139.8873,73.57043,-171.2318
-141.8193,74.62862,-168.8405
-143.7757,75.29517,-166.3622
-145.743,75.56963,-163.8456
-147.7209,75.45203,-161.2906
-149.8885,74.8692,-158.5096
-151.8087,73.92776,-155.9127
-153.6591,72.59499,-153.1635
-155.5437,70.8681,-150.6504
-157.4471,68.74813,-148.2305
-159.3505,66.23576,-145.8106
-161.4442,63.01892,-143.1487
-163.3476,59.6825,-140.7289
-164.9806,57.50047,-138.206
-166.5947,57.3709,-135.9725
-168.7509,58.51283,-133.5925
-170.7763,60.06052,-131.3802
-172.8017,61.71583,-129.1678
-174.8272,63.47873,-126.9554
-176.8526,65.31923,-124.743
-178.8781,66.87233,-122.5305
-180.9035,68.03303,-120.3181
-182.929,68.80132,-118.1056
-184.9545,69.17722,-115.8932
-187.1824,69.1375,-113.4595
-189.2079,68.68936,-111.247
-191.2334,67.84882,-109.0346
-193.2588,66.61587,-106.8221
-195.2843,64.99053,-104.6097
-197.3097,62.9728,-102.3972
-199.3352,60.56266,-100.1848
-201.1506,57.75035,-97.58275
-203.0161,54.19942,-94.56757
-204.7617,50.56765,-91.50806
-204.878,50.34576,-89.73587
-204.175,49.77501,-88.80264
-203.1734,49.02007,-88.1093
-202.0804,48.53115,-87.74942
-200.4427,47.78747,-87.18665
-198.712,46.9132,-86.40536
-196.8267,46.41872,-85.37801
-194.6676,46.71565,-84.08937
-192.3571,47.04803,-82.76678
-189.7679,47.40171,-81.26886
-187.159,47.74872,-79.75325
-184.8505,48.19601,-78.35452
-182.5691,49.1884,-76.29315
-180.4997,50.7229,-74.15807
-178.4303,52.365,-72.02298
-176.3609,54.11469,-69.88789
-174.2915,55.96699,-67.75281
-172.0151,57.7493,-65.40421
-169.9331,58.95802,-63.21059
-167.8214,59.77545,-60.88039
-165.7062,60.2012,-58.45764
-163.378,60.21661,-55.75481
-161.2664,59.81759,-53.42462
-159.155,59.02613,-51.0976
-157.0471,57.84176,-48.82307
-154.7285,56.08573,-46.32111
-152.6207,54.07732,-44.0466
-150.5128,51.67651,-41.77209
-148.9127,51.21674,-39.43896
-148.8387,51.13593,-36.66754
-149.5089,50.93088,-33.66847
-150.5604,51.29433,-30.80981
-151.8413,51.51255,-28.28662
-153.2534,51.74987,-25.85992
-155.0655,51.98631,-23.36316
-156.8617,52.10612,-21.09845
-159.116,51.94836,-18.76233
-161.4046,51.85958,-16.55841
-163.5373,51.45723,-14.39111
-165.1737,51.08178,-11.77138
-166.4921,52.51359,-9.005554
-167.8105,54.05299,-6.239731
-169.1288,55.69999,-3.473915
-170.4472,57.4546,-0.7080841
-171.7655,59.1768,2.057739
-173.0839,60.5216,4.82357
-174.5249,61.54826,7.908012
-175.5454,62.07439,10.95068
-176.4728,62.20914,14.02354
-177.3454,61.90564,17.42656
-176.784,61.14157,20.8858
-175.9289,60.03835,24.0299
-175.0107,58.54348,27.16585
-173.9146,56.44682,30.59818
-172.3721,55.41754,33.40633
-169.9553,55.44099,34.55679
-167.2452,55.45087,35.20291
-164.4174,55.44704,35.32156
-161.6722,55.46844,36.42307
-159.3137,55.50003,37.88834
-156.6187,55.48233,39.45834
-154.0871,55.25961,40.78584
-151.4948,55.06561,42.00841
-148.8486,53.71814,43.26212
-146.3222,53.29404,44.39069
-144.5992,53.38123,45.0945
-143.2713,53.85334,45.39679
-141.9148,55.29523,45.49185
-140.5583,56.41975,45.58691
-139.0661,57.20348,45.69148
-137.7453,57.50394,45.61015
-136.4874,57.41201,44.46216
-135.0256,56.92767,42.58224
-133.5589,56.05094,40.69138
-132.0923,54.78181,38.80051
-130.6056,53.1224,37.02765
-128.9379,51.76849,36.02371
-128.023,51.63889,36.36549
-127.3225,52.5791,37.37134
-126.5542,54.24637,38.54912
-125.8557,55.87505,39.61983
-125.0874,57.79088,40.79761
-124.3889,59.57052,41.86832
-123.7134,61.00785,43.02361
-123.2609,62.0508,44.62537
-122.7934,62.74445,46.43048
-122.6349,62.96132,48.15611
-123.3602,62.7475,50.00799
-125.0877,62.14365,51.56287
-127.9472,61.14783,52.95474
-130.8262,59.75962,54.3431
-133.9931,57.77936,55.8703
-136.8721,55.5671,57.25865
-139.7512,52.96244,58.64702
-141.9533,53.29618,59.99691
-144.2698,53.69762,61.24628
-146.9358,53.69481,62.46569
-149.8533,53.82616,63.65008
-152.5746,53.92876,64.68042
-155.3498,53.86177,65.69608
-158.0408,54.13982,66.63428
-160.9678,54.4407,67.642
-163.6177,54.7261,68.54101
-166.2584,54.75342,69.42464
-168.9382,54.66167,70.36095
-171.6402,54.58862,71.31925
-174.3335,54.5136,72.32903
-177.0149,54.43703,73.38042
-179.9657,54.35277,74.53777
-182.6486,54.27613,75.59018
-185.3315,54.1995,76.64265
-188.2787,54.11483,77.81079
-190.9122,53.96161,78.83311
-193.4553,53.81671,80.11187
-196.1073,53.46206,81.37711
-197.0402,53.36942,81.81818
-197.1853,53.35463,81.89206
-197.1853,53.35463,81.89206
-197.1853,53.35463,81.89206
-197.1853,53.35463,81.89206
-197.1853,53.35463,81.89206
-197.1853,53.35463,81.89206
-197.1853,53.35463,81.89206
-197.1853,53.35463,81.89206
-197.1853,53.35463,81.89206
-197.1853,53.35463,81.89206
-197.1853,53.35463,81.89206
-197.1853,53.35463,81.89206
-197.1853,53.35463,81.89206
-197.1853,53.35463,81.89206
-197.1853,53.35463,81.89206
-197.1853,53.35463,81.89206
-197.1853,53.35463,81.89206
-197.1853,53.35463,81.89206
-197.1853,53.35463,81.89206
-197.1853,53.35463,81.89206
-197.1853,53.35463,81.89206
-197.1853,53.35463,81.89206
-197.1853,53.35463,81.89206
-197.1853,53.35463,81.89206
-197.1853,53.35463,81.89206
-197.1853,53.35463,81.89206
-197.1853,53.35463,81.89206
-197.1853,53.35463,81.89206
-197.1853,53.35463,81.89206
-197.1853,53.35463,81.89206
-197.1853,53.35463,81.89206
-197.1853,53.35463,81.89206
-197.1853,53.35463,81.89206
-197.1853,53.35463,81.89206
-197.1853,53.35463,81.89206
-197.1853,53.35463,81.89206
-197.1853,53.35463,81.89206
-197.1853,53.35463,81.89206
-197.1853,53.35463,81.89206
-197.1853,53.35463,81.89206
-197.1853,53.35463,81.89206
-197.1853,53.35463,81.89206
-197.1853,53.35463,81.89206
-197.1853,53.35463,81.89206
-197.1853,53.35463,81.89206
-197.1853,53.35463,81.89206
-197.1361,53.35042,81.99421
-196.7258,53.32357,82.73269
-195.6773,53.34911,83.32094
-194.3882,53.40543,83.70036
-193.0462,53.49241,83.99596
-191.6727,53.40663,83.87522
-190.1895,53.13203,83.67345
-188.8106,53.39195,83.27058
-187.6806,53.76919,82.97051
-186.569,54.04255,82.60482
-185.4371,53.98975,81.76291
-184.4918,54.04449,80.71058
-183.5065,54.0984,79.69114
-182.3981,54.14831,78.80788
-181.5625,54.18394,78.19096
-181.4756,54.18774,78.12487
-181.4756,54.18774,78.12487
-181.4756,54.18774,78.12487
-181.203,54.20034,77.89943
-179.7874,54.26583,76.72851
-177.8587,54.35506,75.13322
-175.7512,54.45257,73.38998
-173.5831,54.55302,71.59292
-171.7495,54.56831,69.4528
-170.0966,54.42796,67.13272
-168.5113,54.30783,64.76974
-166.8761,55.65993,62.14491
-165.0585,57.07224,59.22854
-163.4061,57.94414,56.57729
-161.5885,58.45,53.6609
-159.7709,58.48106,50.74453
-157.9532,58.03732,47.82816
-156.3009,57.22189,45.1769
-154.6485,56.01408,42.52565
-153.1241,55.23809,40.16243
-152.7107,55.24281,39.57017
-152.6658,55.24285,39.51665
-152.6658,55.24285,39.51665
-152.6658,55.24285,39.51665
-152.6658,55.24285,39.51665
-152.6658,55.24285,39.51665
-152.6658,55.24285,39.51665
-152.6658,55.24285,39.51665
-152.6658,55.24285,39.51665
-152.6658,55.24285,39.51665
-152.6658,55.24285,39.51665
-152.6658,55.24285,39.51665
-152.6658,55.24285,39.51665
-152.6658,55.24285,39.51665
-152.6658,55.24285,39.51665
-152.6658,55.24285,39.51665
-152.6658,55.24285,39.51665
-152.6658,55.24285,39.51665
-152.6658,55.24285,39.51665
-152.6658,55.24285,39.51665
-152.6658,55.24285,39.51665
-152.6658,55.24285,39.51665
-152.6559,55.24191,39.52731
-152.2144,55.19991,39.99179
-150.9754,54.86089,41.32894
-148.9031,53.86553,43.44575
-146.7416,53.31991,45.47013
-145.0441,53.38538,45.62067
-144.0152,53.40394,45.15143
-143.8297,53.40587,45.02925
-143.8297,53.40587,45.02925
-143.8297,53.40587,45.02925
-143.8297,53.40587,45.02925
-143.8297,53.40587,45.02925
-143.8297,53.40587,45.02925
-143.8297,53.40587,45.02925
-143.8297,53.40587,45.02925
-143.8297,53.40587,45.02925
-144.0051,53.39044,44.78355
-144.812,53.78308,44.1208
-145.7912,55.26642,43.33741
-146.8683,57.02236,42.47569
-147.8474,58.73165,41.6923
-148.8266,60.51855,40.90891
-149.8804,62.01787,40.0652
-152.1378,63.21092,38.23992
-154.6138,63.88181,36.23477
-157.0395,64.16101,34.26344
-159.4651,64.04781,32.29213
-161.8908,63.54221,30.32079
-164.5591,62.53281,28.15231
-166.9848,61.20317,26.18097
-169.4105,59.48113,24.20963
-171.8309,57.36542,22.1745
-174.2417,54.85484,20.02305
-176.403,53.22128,17.49452
-176.6854,52.78386,14.64483
-176.3311,51.50409,11.81461
-175.976,50.4405,8.900917
-175.4487,50.36909,5.83786
-174.8485,50.26805,3.076759
-174.2128,50.17192,0.3221283
-173.5871,50.07438,-2.435349
-173.0954,50.19501,-5.451187
-172.781,50.69038,-8.093887
-172.4349,50.58404,-11.12465
-172.1397,50.06902,-14.03409
-171.9902,50.35587,-16.98077
-172.0925,50.60852,-19.97037
-172.5803,50.77206,-22.67422
-173.0695,50.47307,-25.73987
-173.5034,50.30252,-28.6678
-173.8008,50.12905,-31.60652
-174.0718,49.71524,-34.53461
-174.2893,49.73297,-37.3624
-173.158,50.36797,-39.98878
-171.1817,49.65319,-42.26233
-169.1612,48.55898,-44.56885
-167.4133,49.14578,-46.36139
-164.9871,49.56895,-47.61836
-162.0669,49.52226,-48.17555
-159.0766,50.18427,-48.61818
-155.9868,50.51898,-48.96713
-153.2476,50.89651,-49.23294
-150.3561,50.85138,-49.44405
-147.5011,50.80804,-49.6713
-144.4017,50.76237,-49.92422
-141.314,50.72777,-50.10522
-138.636,50.83725,-49.35385
-135.8341,51.10745,-47.55409
-133.5441,51.34109,-45.99982
-131.4148,51.60621,-44.24281
-129.0838,51.89925,-42.30112
-126.6841,52.17906,-40.44453
-124.1983,52.33317,-39.22809
-121.574,52.41702,-38.18706
-118.9131,52.50414,-37.17993
-116.2486,52.70113,-36.24782
-113.3074,52.68103,-35.20024
-110.6264,52.75879,-34.23463
-107.6664,52.84153,-33.17191
-104.9726,52.91683,-32.20461
-102.6754,52.96429,-30.58601
-101.1655,52.9664,-28.14627
-99.50869,52.9435,-25.88554
-97.22295,52.99265,-24.46753
-94.79781,53.03114,-22.66193
-93.53316,53.04762,-21.64137
-93.08673,53.04529,-21.10144
-92.49858,53.05704,-20.71709
-90.46432,53.14587,-20.44878
-87.62724,53.28296,-20.36578
-84.73658,53.13177,-20.39832
-81.56789,52.49788,-20.53461
-79.17753,52.14002,-21.67462
-77.2557,52.06358,-23.48409
-75.55994,53.33031,-25.53175
-73.52069,54.80031,-27.74673
-71.48141,55.9279,-29.96172
-69.44217,56.66311,-32.1767
-67.40289,57.00591,-34.39171
-65.15971,56.92976,-36.82822
-63.21249,56.45152,-39.29024
-61.14287,55.47476,-42.1776
-59.09428,54.02412,-45.10838
-57.59877,53.36086,-47.14084
-56.85478,54.47045,-48.23055
-56.2144,55.90188,-49.16965
-55.50999,57.60073,-50.20267
-54.86963,59.25812,-51.14177
-54.18707,61.00903,-52.10349
-53.40532,62.63648,-53.17795
-52.65863,63.70382,-54.17212
-51.69565,64.37728,-55.27014
-50.58702,64.65711,-56.43416
-49.30449,64.51123,-57.72311
-47.82477,63.96467,-58.7692
-46.25652,63.02518,-59.77823
-44.5071,61.53838,-60.87796
-42.91672,59.77472,-61.87772
-41.88687,59.70567,-62.58751
-40.60095,60.57971,-63.05188
-39.33665,61.75208,-63.46246
-37.94592,62.58846,-63.91409
-36.60541,62.95005,-64.1929
-35.6642,62.86674,-63.38594
-34.96661,62.39103,-61.44089
-34.33505,61.52292,-59.16638
-33.55789,60.11478,-57.08849
-32.53511,58.40768,-55.97176
-31.6015,56.76241,-54.93791
-30.79045,54.96487,-53.92012
-29.69449,52.76179,-52.90419
-27.93872,50.14355,-52.23724
-25.74197,46.80162,-51.67261
-24.16388,45.79722,-50.94266
-22.73344,45.70688,-50.31953
-21.41003,45.67612,-49.9299
-20.16824,45.80891,-50.12991
-18.73003,45.59125,-50.21387
-17.40396,45.28033,-49.95541
-16.19783,44.64473,-49.45601
-15.10788,44.9369,-48.96902
-14.00024,46.39763,-48.47026
-12.89261,47.93597,-47.97148
-11.67421,49.29041,-47.42284
-10.56657,50.1097,-46.92407
-9.458939,50.53658,-46.42529
-8.351303,50.57108,-45.92651
-6.968643,50.20664,-45.26627
-5.371964,49.35065,-44.49582
-3.920456,48.16047,-43.79539
-2.583374,47.14182,-43.08437
-1.662827,47.45306,-42.38972
-0.7962341,47.7571,-41.63596
0.3569794,48.16762,-40.60231
2.141464,48.80038,-39.03008
4.172089,49.50336,-37.38478
5.903717,50.07614,-36.20656
7.204559,50.47417,-35.59306
8.235825,50.81117,-34.92603
9.307831,51.17129,-34.15009
10.38258,51.53976,-33.30957
12.02478,52.09193,-32.11659
14.00522,52.71394,-30.91617
16.22194,53.381,-29.97871
18.70012,54.57092,-29.10641
20.46747,55.71555,-28.65392
21.91858,56.00567,-28.2691
22.59998,56.15166,-28.1218
22.73645,56.07633,-28.11389
22.75055,56.0753,-28.11705
23.36121,56.02715,-28.29822
24.56898,56.52792,-28.8638
25.93034,58.06677,-29.51204
27.29172,59.18083,-30.16028
28.52931,59.78159,-30.7496
29.89067,59.9892,-31.39784
31.12828,59.76591,-31.98715
32.36588,59.15022,-32.57649
33.60349,58.14214,-33.16582
34.69893,57.41489,-33.33658
34.94736,57.04188,-32.61865
34.57549,56.67438,-31.19653
33.91248,56.2016,-29.32115
33.16403,55.4081,-27.30698
32.38306,55.06274,-25.1324
31.43134,54.97422,-22.44577
30.64357,55.16413,-19.64064
30.00867,56.51537,-17.07074
29.37378,58.07139,-14.50082
28.67538,59.9073,-11.67393
28.13538,61.93753,-9.608368
27.65965,64.70269,-8.230453
27.20015,66.83575,-6.873337
26.74065,68.57642,-5.516235
26.28116,69.92467,-4.159142
25.82166,70.88053,-2.80204
25.31621,71.47877,-1.309219
24.81076,71.60219,0.1836014
24.30025,71.28687,1.715057
23.77724,70.57536,3.290314
23.25423,69.47145,4.865562
22.438,69.01822,5.829071
21.85611,69.18663,6.391327
21.43947,70.59286,7.369514
21.31393,71.99403,8.77684
21.51517,72.86257,10.28294
21.74402,73.33897,11.81792
21.806,73.80016,13.13454
21.61127,74.2278,13.86307
21.36058,74.56783,14.49706
21.36765,74.925,15.00864
21.3226,75.26744,15.52872
21.09285,75.65647,16.2215
20.67319,76.30956,17.42511
20.38423,77.00334,18.64073
20.0621,77.70789,19.73726
19.44815,77.85738,20.38926
18.79532,77.58244,21.25353
18.59686,77.70389,22.19965
19.24718,77.72363,22.98143
20.22293,77.77034,23.77924
20.80035,77.87228,25.05427
21.03731,77.96638,26.60321
21.30246,78.61795,28.41614
21.46117,79.27706,30.43727
21.30823,80.23121,32.66956
20.98962,81.26074,34.73831
20.77336,82.26717,36.8219
20.56125,83.18376,38.71271
20.3116,84.19386,40.78932
20.09431,85.11085,42.67871
19.87296,86.11741,44.7603
19.7144,87.02699,46.65985
19.60298,87.94448,48.54715
19.52548,88.94125,50.59218
19.46161,89.84095,52.44115
19.3931,90.73978,54.28592
19.32393,91.72666,56.31454
19.25885,92.65305,58.13911
19.17114,93.59151,59.94795
19.13248,94.52483,61.75825
19.10527,95.14568,63.90733
18.9754,95.18036,67.38151
18.8703,94.89777,70.35537
18.84734,94.98373,71.91174
18.81613,94.98726,73.60615
18.74716,94.8065,75.06599
18.67928,94.76553,75.51004
18.67435,94.76413,75.52302
18.67435,94.76413,75.52302
18.59256,94.73565,75.80119
18.31229,94.64268,76.7575
18.09164,94.49138,77.50777
18.04453,94.46238,77.61154
18.04453,94.46238,77.61154
18.04453,94.46238,77.61154
18.04453,94.46238,77.61154
18.04453,94.46238,77.61154
18.04453,94.46238,77.61154
18.04453,94.46238,77.61154
18.04453,94.46238,77.61154
18.04453,94.46238,77.61154
18.04453,94.46238,77.61154
17.83502,94.41417,77.56873
16.871,94.20913,77.26635
15.64241,93.96035,76.80235
14.77563,93.88806,75.82713
14.18758,93.92606,74.60211
13.79462,93.99541,73.39584
13.39691,94.02331,72.04933
12.93427,93.93896,70.78193
12.57239,93.90359,69.51991
12.24834,93.90057,68.39773
12.00626,93.54349,67.09519
11.77106,92.74414,65.56222
11.53584,91.55239,64.02924
11.30064,89.96824,62.49631
11.06543,87.99168,60.96337
10.82487,85.62206,59.42516
10.44281,82.54739,57.61749
9.960983,79.32327,55.84147
9.304489,75.68562,53.89857
8.307617,71.20173,51.53069
7.276886,66.70087,49.27588
6.035736,61.78753,46.84818
4.492798,57.25254,44.00146
3.54509,57.31454,42.49673
2.444107,57.34232,41.64162
1.287338,57.21407,40.91502
-0.0272522,57.18661,40.34122
-1.228882,57.15606,40.34256
-2.469849,56.95477,40.51617
-4.242828,56.30203,41.20198
-7.098129,55.1595,42.40782
-9.85675,53.95145,43.62943
-12.14267,54.39832,44.9465
-14.24939,54.71252,46.36357
-16.62399,54.33383,48.02355
-18.94835,54.0176,49.64574
-21.28424,53.78416,51.27684
-23.74741,53.89233,53.10352
-25.9174,54.12258,54.71312
-28.3074,54.31464,56.44917
-30.69742,55.5148,58.16763
-33.13776,57.07738,59.92048
-35.82213,58.9205,61.84862
-38.5065,60.87881,63.77676
-40.94684,62.41071,65.52962
-43.45261,63.64514,67.33729
-44.77464,64.37061,68.34151
-45.73386,64.72577,69.12402
-46.60585,64.63662,69.83538
-47.47784,64.15507,70.54675
-48.57535,63.2562,71.37295
-49.82634,61.80937,72.30408
-50.96362,60.08205,73.15056
-52.04407,58.65931,73.97694
-52.41385,58.62667,74.28413
-52.43681,58.62445,74.30576
-52.34917,58.63168,74.24199
-51.27457,58.72083,73.45172
-50.22723,58.80925,72.6582
-50.02023,58.827,72.49729
-50.02023,58.827,72.49729
-50.02023,58.827,72.49729
-50.02023,58.827,72.49729
-50.02023,58.827,72.49729
-50.02023,58.827,72.49729
-50.02023,58.827,72.49729
-50.02023,58.827,72.49729
-50.02023,58.827,72.49729
-50.02023,58.827,72.49729
-50.02023,58.827,72.49729
-50.02023,58.827,72.49729
-50.02023,58.827,72.49729
-50.02023,58.827,72.49729
-50.02023,58.827,72.49729
-50.02023,58.827,72.49729
-50.02023,58.827,72.49729
-50.02023,58.827,72.49729
-50.02023,58.827,72.49729
-50.02023,58.827,72.49729
-50.02023,58.827,72.49729
-50.02023,58.827,72.49729
-50.02023,58.827,72.49729
-50.02023,58.827,72.49729
-50.02023,58.827,72.49729
-50.02023,58.827,72.49729
-50.02023,58.827,72.49729
-50.02023,58.827,72.49729
-50.02023,58.827,72.49729
-50.02023,58.827,72.49729
-50.02023,58.827,72.49729
-50.02023,58.827,72.49729
-50.02023,58.827,72.49729
-50.02023,58.827,72.49729
-50.02023,58.827,72.49729
-50.02023,58.827,72.49729
-50.02023,58.827,72.49729
-50.02023,58.827,72.49729
-50.02023,58.827,72.49729
-50.02023,58.827,72.49729
-50.02023,58.827,72.49729
-50.02023,58.827,72.49729
-50.02023,58.827,72.49729
-50.02023,58.827,72.49729
-50.02023,58.827,72.49729
-50.02023,58.827,72.49729
-50.02023,58.827,72.49729
-50.02023,58.827,72.49729
-50.02023,58.827,72.49729
-50.02023,58.827,72.49729
-50.02023,58.827,72.49729
-50.02023,58.827,72.49729
-50.02023,58.827,72.49729
-50.02023,58.827,72.49729
-50.02023,58.827,72.49729
-50.02023,58.827,72.49729
-50.02023,58.827,72.49729
-50.02023,58.827,72.49729
-50.02023,58.827,72.49729
-50.02023,58.827,72.49729
-50.02023,58.827,72.49729
-50.01372,58.82803,72.48492
-49.77397,58.87378,71.91717
-49.33839,58.95731,70.87907
-48.76772,59.06423,69.55741
-48.03642,59.16563,68.40289
-47.17871,58.9869,67.15464
-46.38933,58.15549,65.8111
-45.52101,56.78773,64.33321
-44.26114,56.84999,62.70264
-42.54822,56.92416,60.48239
-40.73814,56.66765,58.13879
-38.70055,56.43056,55.65643
-37.01385,56.13274,53.64809
-35.71667,56.12035,51.8795
-33.83791,56.04203,50.08672
-31.60004,55.75603,48.10564
-29.39487,55.6944,46.24445
-27.02701,55.80452,44.17838
-24.85974,55.5825,42.3016
-22.67624,55.43185,40.51958
-20.53087,55.60649,38.80081
-18.39952,55.99657,37.06237
-15.93433,56.10754,35.01267
-13.81844,56.38165,33.19273
-12.40048,57.24619,31.63265
-11.71895,57.71375,30.5681
-11.26607,58.01564,29.64642
-10.95532,58.23647,28.88177
-10.61971,58.48501,28.03249
-10.31088,58.7129,27.21632
-10.01218,58.9099,26.44218
-8.944458,58.98906,25.12904
-7.019257,58.82977,23.26277
-5.347275,58.77301,21.15118
-3.372467,58.49228,18.83379
-1.37027,58.22903,16.8595
0.09036255,57.59686,14.98431
1.504715,57.5669,13.16498
2.64653,57.52667,11.84396
4.152939,58.22279,9.72406
5.795288,59.73041,7.295303
7.601868,61.51307,4.623665
9.244217,63.14165,2.194908
10.67821,64.51287,-0.6705933
10.84813,65.34741,-3.859772
10.85115,65.81386,-7.397873
10.8338,65.82717,-10.57593
10.81647,65.44808,-13.75397
10.79739,64.57785,-17.24983
10.81949,63.37472,-20.40622
11.78799,61.77918,-23.0423
14.05966,59.79124,-24.96646
17.08447,57.15129,-26.80731
19.3233,55.28915,-28.63611
19.93382,55.06477,-29.89159
20.10207,54.44186,-31.36456
19.38342,53.47927,-32.25949
18.14319,52.64228,-33.0166
16.87064,52.61394,-33.17676
15.74609,52.52657,-32.83385
15.48267,52.50772,-32.79056
15.48267,52.50772,-32.79056
15.47067,52.50448,-32.79602
14.95103,52.35889,-33.04895
13.82156,52.04699,-33.65666
12.10095,51.55515,-34.63538
10.07877,50.96842,-35.81065
7.944794,50.35149,-37.04451
5.783615,49.71883,-38.31668
3.400009,49.01464,-39.73857
0.992569,48.25519,-41.2029
-1.274887,47.95164,-42.64801
-3.876083,49.35515,-44.32332
-6.737396,51.02328,-46.16615
-9.598709,52.8216,-48.00897
-12.19991,54.56442,-49.68428
-14.8011,56.09484,-51.35959
-17.66241,57.32509,-53.20241
-20.32767,58.03267,-54.93964
-23.03462,58.34865,-56.71724
-25.75461,58.27245,-58.5101
-28.42459,57.80261,-60.2639
-29.72343,58.01485,-61.85927
-29.74532,58.44034,-63.07295
-29.54999,58.47639,-64.24084
-29.09645,58.15923,-65.35196
-28.84811,57.61268,-66.46024
-28.36327,56.7696,-67.56165
-27.64572,55.57446,-68.65656
-26.77141,54.04019,-69.75969
-25.73822,52.12489,-70.94119
-24.59399,51.00556,-72.25056
-24.33745,50.64381,-73.79614
-24.82594,51.03591,-75.70251
-26.07324,51.93967,-76.94031
-27.71056,52.78748,-77.7401
-30.07732,53.07251,-78.54214
-32.65703,53.78197,-79.12846
-34.93121,54.62842,-79.4205
-37.16228,55.4586,-79.70892
-39.42355,56.18842,-79.87067
-42.47615,56.00633,-79.88812
-45.79996,55.88531,-79.84192
-48.04146,56.77875,-79.39075
-49.68323,57.26643,-78.37735
-51.4361,57.78794,-77.42441
-53.24902,58.51966,-76.77109
-55.06906,59.29829,-76.25519
-56.77039,59.68823,-75.89394
-58.50174,60.11178,-75.43762
-60.0403,60.47761,-75.01703
-61.56761,60.83734,-74.5946
-63.50647,61.02434,-74.22127
-65.39545,60.97981,-73.98679
-68.27919,60.27383,-73.85796
-71.07932,59.82085,-73.65417
-73.91484,59.77603,-73.10918
-76.53906,59.96613,-73.411
-78.83482,60.36262,-74.70361
-81.29698,61.75739,-76.25063
-84.03271,63.52825,-77.97046
-86.51974,65.25108,-79.53397
-89.25548,67.27052,-81.2538
-91.74251,69.07935,-82.81729
-94.22954,70.51076,-84.38078
-97.14227,71.63672,-86.22592
-99.85479,72.24891,-87.90172
-102.9134,72.4698,-89.74414
-105.6778,72.25841,-91.41748
-108.4058,71.65432,-93.08572
-111.1339,70.65783,-94.75397
-113.8619,69.26894,-96.42221
-117.1356,67.08429,-98.4241
-119.8636,64.83211,-100.0923
-122.5916,62.18754,-101.7606
-125.1946,60.89103,-103.0302
-126.4001,60.54896,-103.7416
-127.2244,60.35371,-104.7477
-127.8809,60.23053,-105.9826
-128.5862,60.08025,-107.0691
-129.3133,59.97827,-108.1497
-129.5673,60.17748,-109.7025
-129.0624,60.68131,-111.6316
-128.3337,61.35838,-113.673
-127.1475,61.51464,-116.3751
-126.2049,61.62576,-118.7549
-125.6658,62.39326,-120.7902
-125.2507,63.23817,-122.5898
-124.8085,64.13308,-124.4922
-124.4113,64.93589,-126.1982
-124.0158,65.73526,-127.8967
-123.6208,66.53343,-129.5926
-123.1889,67.60657,-131.4049
-122.5126,69.19633,-134.0515
-121.7398,71.07613,-137.0645
-121.0373,72.89799,-139.8036
-120.2645,75.02131,-142.8166
-119.562,76.74414,-145.5557
-118.7449,78.19676,-148.7205
-117.9931,79.10747,-151.6282
-117.1661,79.65602,-154.8267
-116.4143,79.74271,-157.7344
-115.5873,79.38483,-160.9329
-114.8355,78.64746,-163.8406
-114.0837,77.51768,-166.7483
-113.7753,76.69792,-169.371
-113.7913,76.74205,-170.6921
-113.8094,76.74197,-170.9946
-113.8132,76.73941,-170.9958
-113.8132,76.73941,-170.9958
-113.8132,76.73941,-170.9958
-113.8132,76.73941,-170.9958
-113.6808,76.84241,-171.24
-113.3867,77.06979,-171.7483
-112.9823,77.38041,-172.3967
-114.051,76.69235,-173.8617
-114.1081,76.68475,-174.6393
-113.8546,76.87469,-175.3186
-113.4763,77.12633,-175.9728
-113.0466,77.41319,-176.6086
-112.5798,77.72576,-177.2114
-112.0981,78.04778,-177.7903
-111.4853,78.35303,-178.3678
-110.9228,78.64618,-178.877
-110.3596,78.94038,-179.3829
-109.9967,79.20238,-179.3005
-109.9202,79.25966,-179.272
-109.9202,79.25966,-179.272
-109.7854,79.35989,-179.2249
-109.5019,79.57125,-179.1234
-109.1185,79.85699,-178.9861
-108.8369,80.0916,-178.8853
-108.6597,80.23118,-178.8218
-108.5258,80.33403,-178.7739
-108.4171,80.38669,-178.7343
-108.4301,80.37051,-178.7376
-108.4408,80.36311,-178.7383
-108.3014,80.49323,-178.5408
-108.2078,81.46288,-178.059
-107.7567,82.50485,-177.1958
-106.8802,83.20293,-176.0404
-105.7538,83.52988,-174.6873
-104.697,83.41711,-173.4437
-103.9926,83.63748,-172.6944
-103.8103,83.76203,-172.6936
-103.8103,83.76203,-172.6936
-103.8984,83.70336,-172.5444
-104.3828,83.3808,-171.7448
-104.9196,82.95683,-170.5776
-105.4773,82.50529,-169.1274
-106.0529,82.04668,-167.8071
-106.5243,81.65835,-166.4213
-106.5922,81.26401,-164.9179
-107.0334,80.44266,-163.524
-107.8676,79.58022,-162.631
-108.7017,78.74712,-161.8301
-109.4243,78.06805,-161.2286
-110.1607,77.40173,-160.5064
-110.7953,76.81779,-159.829
-111.5677,76.20427,-159.5565
-112.4212,75.57787,-159.5487
-113.3961,76.04816,-159.5753
-114.7183,76.95801,-159.5974
-116.2517,77.4866,-159.6147
-118.0462,77.61956,-159.6289
-119.7136,77.32961,-159.6391
-121.3809,76.64725,-159.6494
-123.1145,75.57286,-159.5595
-125.1488,73.93858,-159.262
-127.101,72.0415,-158.8276
-129.2231,69.75311,-158.0857
-131.8297,66.78323,-156.4996
-134.1323,65.5934,-154.962
-135.9985,65.57407,-153.2234
-138.2681,66.64518,-151.0903
-140.813,67.37031,-148.699
-143.1785,67.61766,-146.4753
-145.4859,67.4724,-144.3133
-148.0194,66.85936,-141.94
-150.5198,65.7714,-139.6014
-152.7809,64.37028,-137.4881
-155.268,62.37581,-135.1634
-157.7552,59.90655,-132.8387
-160.2408,56.96321,-130.4541
-162.2216,55.1275,-127.9988
-162.8094,54.92081,-126.5456
-162.8002,54.41699,-124.5586
-162.3162,54.79948,-121.9177
-161.7258,55.72366,-118.8492
-161.1148,56.25614,-115.6904
-160.4277,56.38904,-112.1401
-159.8293,56.09724,-109.0732
-159.1661,55.32286,-105.664
-158.564,54.20679,-102.5735
-158.0014,52.6989,-99.44621
-157.6768,51.79602,-96.75156
-158.0532,51.59022,-95.54898
-159.234,51.42586,-94.82053
-160.5859,51.3194,-94.57666
-162.3255,51.19501,-94.42316
-164.7741,51.02159,-94.22842
-167.7726,50.82008,-94.1283
-170.5894,50.63088,-94.03558
-173.1727,50.45023,-93.85962
-174.6723,50.33451,-93.61917
-175.6477,50.2582,-93.44955
-175.81,50.24477,-93.41182
-175.8842,50.23889,-93.39801
-176.661,50.17844,-93.26697
-177.9386,50.20346,-93.022
-178.6402,50.20464,-92.85727
-178.7471,50.14111,-92.80573
-178.7393,50.12536,-92.74869
-178.5918,49.86385,-91.65564
-178.4113,49.83717,-89.9935
-178.1927,49.70143,-88.06026
-178.9299,49.60538,-86.17152
-179.6163,49.44447,-85.82761
-180.2411,49.40349,-86.57877
-180.4034,49.3814,-87.77655
-180.4795,49.38718,-89.05981
-180.5407,49.38506,-89.71616
-180.5789,49.38412,-90.14771
-180.6053,49.54347,-90.92227
-180.6036,49.71449,-91.3887
-180.5973,49.95305,-92.03976
-180.8051,49.95662,-92.02795
-181.8063,49.74355,-91.34311
-183.3195,49.41396,-90.28745
-184.7857,49.06727,-89.19008
-185.9562,48.61031,-87.82272
-186.2999,48.33904,-87.04749
-186.9341,48.19309,-86.95956
-187.8882,47.8565,-86.98422
-189.2344,47.59872,-86.99182
-190.5432,47.35685,-86.49139
-191.5809,47.19296,-85.63242
-192.6758,47.02217,-84.93887
-193.1455,46.95016,-84.7643
-193.1697,46.94646,-84.75717
-193.1697,46.94646,-84.75717
-193.1697,46.94646,-84.75717
-192.5462,47.03726,-84.51073
-191.0929,47.24867,-83.91226
-189.4666,47.48589,-83.5258
-187.0585,47.83756,-83.87532
-185.1202,48.26006,-85.31311
-183.368,48.69331,-87.15262
-181.5071,49.15734,-89.32372
-179.8273,49.64914,-91.29106
-178.15,50.22921,-93.08191
-176.1202,50.3794,-95.39313
-173.6339,50.66816,-97.01576
-171.0903,50.90987,-98.00238
-168.4562,51.14849,-98.87512
-166.0456,51.3869,-99.92924
-164.7684,51.53118,-100.7165
-163.5145,51.68307,-101.62
-162.4285,51.93408,-102.4113
-161.5926,52.1674,-103.3779
-161.2643,52.45196,-105.2271
-161.1172,52.79937,-107.893
-161.0464,53.10879,-110.5194
-160.976,53.75911,-113.3544
-160.8952,54.89789,-116.7272
-160.821,55.52466,-119.8859
-160.7466,55.76049,-123.0828
-160.6724,55.60538,-126.3181
-160.5687,55.17623,-129.7464
-160.2843,55.47014,-131.4157
-159.7578,56.42712,-132.9559
-159.2519,57.35455,-134.3975
-158.7407,57.89115,-135.8527
-158.1556,58.03516,-137.514
-157.6237,57.75405,-139.0244
-157.0917,57.08055,-140.5347
-156.7281,57.08238,-141.8096
-156.2952,57.32858,-143.1389
-155.9577,57.54512,-144.3727
-155.7356,57.74438,-145.6398
-155.5633,57.95258,-147.0527
-155.3876,58.89572,-148.4419
-155.2045,59.82822,-149.8755
-155.0104,60.37727,-151.3887
-154.8024,60.54451,-152.9957
-154.5768,60.39585,-154.6025
-154.2791,60.77684,-155.7011
-153.9927,61.13094,-156.7206
-153.3704,61.40395,-157.6956
-152.4653,61.6012,-158.3949
-151.4478,62.75377,-159.194
-150.3264,63.52489,-160.0689
-149.0829,63.91679,-161.0329
-147.7766,63.92079,-162.0348
-146.3041,63.44773,-163.0844
-144.9609,62.60139,-164.0209
-143.9543,62.21137,-164.8267
-143.2179,62.45728,-165.5573
-142.3995,62.72845,-166.2627
-141.4722,63.03545,-167.0486
-140.6566,63.30582,-167.7563
-139.8493,63.57296,-168.4349
-139.1047,63.96199,-168.9988
-138.504,64.37094,-169.4153
-137.9001,64.78614,-169.8403
-137.3396,65.15366,-170.2073
-136.9048,65.4626,-170.5287
-136.4202,65.78837,-170.8584
-135.8148,66.17522,-171.2393
-135.2385,66.53708,-171.592
-134.6528,66.89738,-171.9391
-134.0618,67.26064,-172.2888
-133.4082,67.66665,-172.6821
-132.8072,68.03554,-173.037
-132.0279,68.35142,-173.2474
-131.2531,69.36263,-173.5897
-130.0535,70.46085,-174.2647
-128.7732,71.07658,-175.0388
-127.4044,71.31359,-175.8875
-126.3823,71.68944,-176.3851
-125.5821,72.14435,-176.8018
-124.942,72.53067,-177.1697
-124.3296,72.90839,-177.5341
-123.7269,73.28313,-177.8973
-123.0677,73.69414,-178.2963
-122.4696,74.06746,-178.6589
-121.6697,75.14834,-179.0966
-120.3686,75.96575,-179.5648
-118.7728,76.43533,-180.1951
-117.3309,76.74893,-180.785
-116.0604,77.77065,-181.3229
-114.1981,78.48019,-182.2855
-112.426,79.19484,-182.6572
-112.0999,79.21094,-182.5403
-112.1041,78.96664,-182.5285
-112.1101,78.95358,-182.512
-112.1101,78.95358,-182.512
-112.1101,78.95358,-182.512
-112.1101,78.95358,-182.512
-112.1101,78.95358,-182.512
-112.1101,78.95358,-182.512
-112.0999,79.02785,-182.5403
-112.0999,79.07201,-182.5403
-112.0999,79.07133,-182.5403
-112.0999,79.0734,-182.5403
-112.0999,79.07853,-182.5403
-112.0999,79.06793,-182.5403
-112.0999,79.06793,-182.5403
-112.0999,79.05119,-182.5403
-112.1154,78.94264,-182.497
-112.1275,78.91798,-182.4634
-112.1105,78.9528,-182.5109
-112.0999,78.9744,-182.5403
-112.0999,78.9744,-182.5403
-112.0999,78.97437,-182.5403
-112.0999,78.97437,-182.5403
-112.0999,78.97437,-182.5403
-112.0999,78.9744,-182.5403
-112.0999,78.9744,-182.5403
-112.0999,78.9744,-182.5403
-112.0999,78.9744,-182.5403
-112.0999,78.97437,-182.5403
-112.0999,78.97437,-182.5403
-112.0999,78.97437,-182.5403
-112.0999,78.97437,-182.5403
-112.0999,78.97437,-182.5403
-112.0999,78.97437,-182.5403
-112.0999,78.97437,-182.5403
-112.0999,78.97437,-182.5403
-112.0999,78.97437,-182.5403
-112.0999,78.97437,-182.5403
-112.0999,78.97437,-182.5403
-112.0999,78.97437,-182.5403
-112.0999,78.97438,-182.5403
-112.0999,78.97438,-182.5403
-112.0999,78.97438,-182.5403
-112.0999,78.97438,-182.5403
-112.0999,78.9744,-182.5403
-112.1109,78.95177,-182.5095
-112.1222,78.93387,-182.4859
-112.1222,78.93387,-182.4859
-112.1578,78.85985,-182.3846
-112.3497,78.46327,-181.8428
-112.7251,77.92641,-181.1501
-113.3293,77.31888,-180.4296
-113.4267,77.07182,-180.0841
-113.4351,77.04334,-180.0433
-113.4351,77.04334,-180.0433
-113.4351,77.04334,-180.0433
-113.4351,77.04334,-180.0433
-113.4351,77.04334,-180.0433
-113.4338,77.03733,-180.0336
-113.2962,76.88359,-179.6523
-113.0303,77.15707,-179.1709
-112.5509,77.55585,-178.7658
-111.9828,78.31583,-178.4672
-110.8025,79.45266,-177.9263
-109.2909,80.15318,-177.3089
-108.2172,80.7087,-176.8914
-107.7426,81.14631,-176.6514
-107.5081,81.53508,-176.4949
-107.1957,82.74033,-176.5053
-106.3176,83.65797,-176.8181
-104.8238,84.31393,-177.3909
-103.209,84.61931,-177.0229
-101.9444,84.99363,-176.8223
-101.2573,85.46104,-177.0098
-100.5869,85.91517,-177.3691
-99.99441,86.30103,-177.732
-99.38933,86.64626,-178.1094
-98.86639,86.9763,-178.2587
-98.40018,87.32341,-178.0941
-97.90268,88.15948,-177.9184
-96.89744,89.40977,-177.5634
-95.61324,90.23294,-177.1099
-94.16417,90.70721,-176.5981
-92.83301,91.49887,-176.1121
-91.50037,92.54401,-175.6575
-89.979,93.15812,-175.1202
-88.92928,93.84683,-174.749
-87.77343,94.86904,-174.3413
-86.39929,95.54439,-173.8561
-84.90419,95.85239,-173.3281
-83.4884,96.28112,-172.8282
-82.36129,97.32577,-172.4301
-80.99116,98.02811,-171.9463
-80.43972,98.38019,-171.6
-80.4534,98.43823,-171.5049
-80.4401,98.19891,-171.5972
-80.41894,97.68208,-171.7442
-80.41893,97.55563,-171.7442
-80.41892,98.15961,-171.7442
-80.42028,99.33614,-171.7349
-80.4257,100.1585,-171.6975
-80.43111,100.5886,-171.6601
-80.43653,100.6262,-171.6227
-80.44195,100.2713,-171.5853
-80.4833,99.42783,-171.2975
-80.71263,98.10954,-169.706
-81.2006,97.31441,-167.804
-81.42148,96.42794,-165.7441
-81.52045,95.58472,-163.749
-82.06424,95.29176,-162.3696
-83.15739,94.89938,-161.3534
-83.83208,94.20428,-160.5322
-84.87078,93.2393,-159.9037
-86.12666,92.05302,-159.6361
-87.7138,90.56184,-159.7208
-88.77472,89.78101,-159.5581
-88.96127,89.54314,-159.4028
-89.11189,89.50614,-159.2946
-89.40099,89.424,-159.1071
-89.87775,89.24249,-158.8428
-90.45963,88.96817,-158.5875
-90.52908,88.93019,-158.5624
-90.25056,89.0685,-158.6648
-89.93121,89.2185,-158.8156
-89.80162,89.27402,-158.8821
-89.9115,89.22699,-158.8255
-90.21078,89.08807,-158.6827
-90.20158,89.09374,-158.6882
-90.0041,89.18585,-158.7797
-89.96516,89.20329,-158.7988
-90.14954,89.11796,-158.7107
-90.29324,89.047,-158.6463
-90.50787,89.04748,-158.7714
-91.10355,89.00829,-159.1478
-91.9677,88.74696,-159.321
-93.02325,88.40932,-159.4722
-94.04744,88.78623,-159.7435
-95.35932,89.88329,-160.1612
-96.78307,90.46841,-160.6607
-98.2885,90.66119,-161.2104
-99.79393,90.46156,-161.7602
-101.4499,89.78877,-162.365
-102.9553,88.76512,-162.9147
-104.6113,87.18588,-163.5195
-106.2673,85.13183,-164.1243
-107.7873,82.85197,-164.693
-109.4566,80.17591,-165.4591
-111.6669,79.48236,-166.1548
-114.1455,80.47034,-166.6848
-116.6241,81.06593,-167.2147
-119.1026,81.26911,-167.7447
-121.5812,81.07989,-168.2746
-124.0761,80.50169,-168.8519
-126.6578,79.55152,-169.7024
-129.2796,78.21954,-170.691
-132.2544,76.32792,-172.1294
-135.0128,74.2155,-173.6888
-137.7874,71.71672,-175.3269
-140.7185,68.99357,-176.8197
-142.6264,68.28106,-176.882
-143.3674,68.17995,-176.9882
-144.1569,68.51566,-177.4141
-145.0609,69.76512,-178.2294
-146.0087,70.51629,-179.2959
-147.0577,70.88888,-180.4766
-148.1416,70.87251,-181.6713
-149.3064,70.55648,-182.7507
-150.0561,70.1865,-182.6619
-150.2909,69.88494,-181.7646
-150.3671,69.41961,-180.5093
-150.2865,68.9502,-179.3006
-149.9874,68.3285,-177.7701
-150.0679,67.4681,-175.4711
-150.3118,66.63184,-173.1761
-150.641,65.69265,-170.5783
-150.9848,65.66161,-167.9943
-151.3895,66.59771,-164.915
-151.8041,67.14124,-161.7435
-152.2661,67.28581,-158.1992
-152.6852,67.00524,-154.9855
-153.0989,66.33234,-151.8219
-153.5539,65.13895,-148.342
-153.9676,63.64203,-145.1783
-154.3813,61.7527,-142.0148
-154.8482,60.12067,-139.0855
-155.1995,60.12086,-137.8751
-155.2641,59.97173,-137.6558
-155.2744,59.96469,-137.6469
-155.2793,59.96362,-137.644
-155.2793,59.96362,-137.644
-155.2793,59.96362,-137.644
-155.2793,59.96362,-137.644
-155.2793,59.96362,-137.644
-155.2793,59.96362,-137.644
