-199.4164,19.43413,130.9816
-199.4164,19.43413,130.9816
-199.4164,19.43413,130.9816
-199.4164,19.43413,130.9816
-199.4164,19.43413,130.9816
-199.4164,19.43413,130.9816
-199.4164,19.43413,130.9816
-199.4164,19.43413,130.9816
-199.4164,19.43413,130.9816
-199.4164,19.43413,130.9816
-199.4164,19.43413,130.9816
-199.4164,19.43413,130.9816
-199.4164,19.43413,130.9816
-199.4164,19.43413,130.9816
-199.4164,19.43413,130.9816
-199.4164,19.43413,130.9816
-199.4164,19.43413,130.9816
-199.4164,19.43413,130.9816
-199.4164,19.43413,130.9816
-199.4164,19.43413,130.9816
-199.4164,19.43413,130.9816
-199.4164,19.43413,130.9816
-199.4164,19.43413,130.9816
-199.4164,19.43413,130.9816
-199.4164,19.43413,130.9816
-199.4164,19.43413,130.9816
-199.4164,19.43413,130.9816
-199.4164,19.43413,130.9816
-199.4164,19.43413,130.9816
-199.4164,19.43413,130.9816
-199.4164,19.43413,130.9816
-199.4164,19.43413,130.9816
-199.4164,19.43413,130.9816
-199.4164,19.43413,130.9816
-199.4164,19.43413,130.9816
-199.4164,19.43413,130.9816
-199.244,19.40554,131.028
-198.246,19.32832,131.3019
-197.146,19.12536,131.8289
-195.9551,19.09226,132.4207
-194.6908,19.08055,133.2435
-193.561,19.07822,134.0418
-192.4967,19.08777,134.9226
-191.342,19.10217,135.9044
-190.3618,19.13432,136.8673
-189.4129,19.15742,137.8571
-188.3696,19.1453,138.952
-187.4186,19.13409,139.948
-186.4633,19.12182,140.941
-185.5064,19.09314,141.9366
-184.5504,19.05083,142.9628
-183.4974,19.03849,144.0921
-182.5181,18.90288,145.0774
-181.3179,19.01361,145.9783
-180.0156,19.17434,146.2318
-178.6579,19.14577,146.3562
-177.1286,19.17481,146.4896
-175.7267,19.19819,146.6039
-174.1811,19.22425,146.7323
-172.7758,19.22367,146.8421
-171.2163,19.19286,146.9912
-169.6253,19.01991,147.1682
-168.155,18.81808,147.328
-166.5747,18.67813,147.4766
-165.1558,18.5558,147.6219
-163.604,18.43285,147.7895
-162.1967,18.32098,147.94
-160.6564,18.22525,148.1064
-159.3091,17.99216,148.325
-157.9789,17.93182,148.7146
-156.6366,17.91254,149.1871
-155.325,17.89244,149.7238
-155.0171,17.88742,149.8674
-155.013,17.88735,149.8695
-155.013,17.88735,149.8695
-155.013,17.88735,149.8695
-155.013,17.88735,149.8695
-155.013,17.88735,149.8695
-155.013,17.88735,149.8695
-155.013,17.88735,149.8695
-155.013,17.88735,149.8695
-155.013,17.88735,149.8695
-155.013,17.88735,149.8695
-155.013,17.88735,149.8695
-155.013,17.88735,149.8695
-155.013,17.88735,149.8695
-155.013,17.88735,149.8695
-155.013,17.88735,149.8695
-155.013,17.88735,149.8695
-155.013,17.88735,149.8695
-155.013,17.88735,149.8695
-155.013,17.88735,149.8695
-155.013,17.88735,149.8695
-154.8573,17.88419,149.9783
-153.9862,17.86655,150.5868
-152.9461,17.92578,151.319
-151.8543,17.92669,152.0869
-150.7188,17.87115,152.8996
-149.3659,17.82745,153.6445
-147.9527,17.8549,153.8139
-146.2549,17.89777,154.0226
-144.8401,17.94445,153.8961
-143.297,17.98566,153.6166
-141.9824,18.03149,153.073
-140.5422,18.18771,152.2565
-139.491,18.4885,151.3469
-138.5069,18.80809,150.3869
-137.6382,18.84785,149.4541
-137.3285,18.81618,149.1261
-137.3217,18.81643,149.1194
-137.3217,18.81643,149.1194
-137.3217,18.81643,149.1194
-137.3217,18.81643,149.1194
-137.3217,18.81643,149.1194
-137.3217,18.81643,149.1194
-137.3217,18.81643,149.1194
-137.3217,18.81643,149.1194
-137.3217,18.81643,149.1194
-137.3217,18.81643,149.1194
-137.3217,18.81643,149.1194
-137.3217,18.81643,149.1194
-137.3217,18.81643,149.1194
-137.3217,18.81643,149.1194
-137.3217,18.81643,149.1194
-137.3217,18.81643,149.1194
-137.3217,18.81643,149.1194
-137.3217,18.81643,149.1194
-137.3217,18.81643,149.1194
-137.3924,18.81008,149.2963
-137.7763,18.77883,150.162
-138.5215,18.75959,151.3397
-139.2875,18.3974,152.5563
-140.0196,18.18742,153.9775
-140.4586,18.11895,155.4948
-140.7539,18.07021,156.892
-140.9924,18.02889,158.2945
-141.0675,17.98929,159.845
-141.1105,17.86401,161.2692
-141.0261,17.77362,162.7039
-140.8699,17.75724,164.1317
-140.6771,17.79789,165.6928
-140.4952,17.83459,167.1095
-140.3111,17.87121,168.5255
-140.101,17.84999,170.215
-139.9012,17.82328,171.6275
-139.5204,17.77837,173.1524
-139.1225,17.73257,174.5289
-138.731,17.70178,175.9057
-138.4337,17.76759,177.2521
-138.179,17.82343,178.5755
-137.9157,17.88078,180.0222
-137.6886,17.93329,181.3325
-137.4045,17.80469,182.6737
-137.0874,17.71306,184.0526
-136.7578,17.62477,185.4436
-136.4171,17.55682,186.8344
-136.0117,17.60835,188.1626
-135.5844,17.65253,189.4573
-135.1981,17.7679,190.8736
-134.9123,17.88321,192.158
-134.6323,17.95365,193.4425
-134.5231,18.05234,194.912
-134.7379,18.19324,196.2355
-135.2037,18.325,197.4705
-135.9698,18.42772,198.7406
-136.7242,18.55869,199.8628
-137.5995,18.6699,200.8968
-138.7296,18.75865,201.9023
-139.8171,18.99089,202.6608
-140.973,19.26307,203.2143
-142.1645,19.52273,203.653
-143.4962,19.80163,204.0721
-144.7371,20.04187,204.3387
-146.1392,20.28484,204.4604
-147.4114,20.51254,204.5546
-148.7838,20.71243,204.6554
-150.1909,20.78841,204.8504
-151.3579,21.01304,205.3374
-151.4317,21.20609,205.7164
-151.4317,21.20609,205.7164
-151.4317,21.20609,205.7164
-151.4317,21.20609,205.7164
-151.4317,21.20609,205.7164
-151.4317,21.20609,205.7164
-151.4317,21.20609,205.7164
-151.1079,21.13024,205.6179
-150.1682,20.9101,205.332
-149.1041,20.7175,205.0144
-147.7228,20.54554,204.6537
-146.2958,20.31863,204.2754
-144.9713,20.01593,203.9396
-143.4832,19.7205,203.5736
-142.1229,19.45128,203.2444
-140.8193,19.16545,202.7534
-139.6784,18.87821,201.7247
-138.6727,18.81556,200.724
-137.679,18.71566,199.7034
-136.7898,18.56159,198.4151
-135.9989,18.42425,197.2319
-135.2063,18.29045,196.0538
-134.3577,18.01275,194.7583
-133.5823,17.78976,193.5686
-132.8345,17.48854,192.4021
-132.1243,17.51175,191.2475
-131.3983,17.59012,190.0617
-130.5918,17.67719,188.7441
-129.8197,17.75763,187.5662
-128.6605,17.85208,186.5477
-127.5106,17.93551,185.7542
-126.3156,17.87701,185.0016
-124.8456,17.83574,184.4444
-123.5221,17.90358,183.9585
-122.2679,18.14556,183.7245
-120.8971,18.46949,183.7596
-119.663,18.76092,183.8616
-118.5076,19.01975,184.3195
-117.18,19.19838,184.7011
-116.0779,19.29458,184.0122
-115.4828,19.32916,182.7578
-115.0938,19.36791,181.2724
-115.1657,19.30409,179.8996
-115.1283,19.27879,178.3887
-115.034,19.33548,176.9664
-114.575,19.64306,176.2017
-113.912,19.56809,175.2312
-113.6721,19.36966,174.1961
-113.7838,19.09337,173.1892
-113.7581,18.94815,171.9644
-113.2431,18.8941,170.7657
-112.5375,18.67712,169.6432
-111.7721,18.68914,168.3361
-111.1013,18.69501,167.1041
-110.6661,18.81224,165.8538
-110.25,18.71426,164.5287
-109.7017,18.79191,163.3246
-109.048,18.91242,162.163
-108.1704,18.74645,161.0758
-107.1139,18.88548,159.9817
-105.9892,18.90278,158.9404
-105.0214,19.08321,157.9947
-103.9365,18.96757,157.0559
-102.6669,18.99212,156.1051
-101.3938,18.96276,155.2023
-100.2059,18.9342,154.372
-99.02242,18.92985,153.547
-97.84622,18.93706,152.7195
-96.73858,19.05974,151.8798
-95.54382,19.25252,150.9798
-94.47903,19.457,150.1897
-93.23672,19.43974,149.3356
-92.03949,19.76198,148.6163
-90.89805,19.76668,147.9936
-89.63058,19.63556,147.4817
-88.29726,19.55593,146.9887
-86.93476,19.46441,146.5187
-85.56526,19.43348,146.0538
-83.92844,19.41217,145.4852
-82.53456,19.66557,145.0026
-81.02013,20.76827,144.4777
-79.50569,21.47857,143.9528
-77.68837,21.81296,143.3229
-76.17393,21.65998,142.798
-74.96005,21.37877,142.4058
-74.84955,21.49576,142.5491
-74.84299,21.22034,142.7911
-74.84512,20.67546,143.2248
-74.54623,20.61452,143.3951
-74.29996,20.64958,143.4746
-74.17316,20.66763,143.5155
-74.14044,20.6723,143.5261
-74.20776,20.66271,143.5044
-74.36752,20.63996,143.4528
-74.61975,20.60405,143.3714
-74.76678,20.61437,143.2961
-74.69727,20.59301,143.3464
-74.68407,20.59488,143.3506
-74.72989,20.58841,143.3358
-74.7261,20.58891,143.3371
-74.72597,20.58892,143.3371
-74.73257,20.58799,143.335
-74.7318,20.58822,143.3351
-74.7318,20.58822,143.3351
-74.7318,20.58822,143.3351
-74.7318,20.58822,143.3351
-74.73306,20.5882,143.3351
-74.73344,20.58834,143.3343
-74.73344,20.58834,143.3343
-74.73344,20.58834,143.3343
-74.73344,20.58834,143.3343
-74.73344,20.58834,143.3343
-74.73344,20.58834,143.3343
-74.73344,20.58834,143.3343
-74.72806,20.58863,143.3364
-74.74786,21.10766,143.2879
-75.16934,22.11359,142.7611
-76.09396,22.70393,141.6942
-77.34741,22.8878,140.2614
-78.49641,22.55997,138.948
-79.54095,21.84992,137.754
-80.58549,20.74747,136.56
-81.55106,19.42214,135.3632
-80.98385,19.48269,134.5151
-80.64552,19.50278,134.5207
-80.63168,19.4729,135.524
-80.65021,19.42885,136.927
-80.4411,19.42191,138.2888
-80.34826,19.79739,139.6718
-80.07948,20.86073,141.1336
-79.33115,21.5772,142.4471
-77.10622,21.81728,143.0356
-74.65375,21.54097,143.3424
-73.52295,21.29545,143.5699
-73.53625,21.5528,143.5011
-74.12311,21.46197,143.5005
-75.09534,20.99797,143.3648
-76.0256,21.61096,143.4754
-77.13587,22.59051,144.176
-78.31567,23.1728,145.0094
-79.38568,23.34073,146.2062
-80.12846,23.03887,147.9182
-80.09824,22.31476,149.8463
-79.48646,21.18096,151.8685
-78.11626,20.34884,152.7853
-76.90245,19.939,152.3511
-76.67632,19.6146,151.9736
-77.44283,19.59443,150.8714
-78.397,19.74487,149.4663
-79.60318,19.69295,148.0232
-80.8186,19.47266,147.0236
-81.14082,19.43189,146.8456
-81.14815,19.42906,146.8401
-81.14815,19.42906,146.8401
-81.11173,19.43032,146.8346
-80.46014,19.42626,146.7341
-79.19032,20.68375,146.5648
-77.7666,21.41255,146.4023
-76.75082,21.89215,146.2021
-76.63084,21.89613,146.1552
-76.63203,21.89418,146.1547
-76.63203,21.89418,146.1547
-76.63203,21.89418,146.1547
-76.4299,21.95103,146.27
-75.7359,23.32246,146.6968
-75.10532,24.35609,147.0787
-74.45277,24.88028,147.5461
-74.5376,25.00366,148.4594
-74.8205,24.7038,149.3904
-75.13168,23.92074,150.4144
-75.3768,23.3793,151.1927
-75.43806,23.36221,151.3327
-75.49602,23.35277,151.3353
-75.54422,23.34259,151.3417
-75.54422,23.34259,151.3417
-75.54422,23.34259,151.3417
-75.69601,23.31002,151.2919
-76.30431,22.94889,150.9349
-77.41418,22.02549,150.1083
-78.52365,20.75982,149.2568
-79.67916,19.49096,148.468
-80.75484,19.47173,147.4565
-81.46167,19.41062,146.2577
-81.98758,19.37929,144.9085
-82.48262,19.40352,143.4074
-82.70565,19.42205,141.8456
-82.84467,19.4375,140.4173
-82.95198,19.39008,138.9837
-82.96023,19.3588,137.2551
-82.6976,19.45101,135.7228
-82.44666,19.40075,134.3208
-82.08836,19.46458,132.9458
-81.48371,19.54462,131.5138
-80.8448,19.62144,130.2539
-80.18068,19.58962,129.0092
-79.29696,19.51089,127.913
-78.0339,19.5734,127.0747
-76.65436,19.4363,126.4614
-75.66769,19.64606,126.1976
-74.84268,19.98068,126.306
-74.24791,20.27733,126.5007
-73.76965,20.50364,126.6584
-73.42462,20.6417,126.7571
-73.18594,20.69438,126.7968
-72.74675,20.84524,126.7154
-72.12308,21.03344,126.4845
-71.33301,20.78368,125.7914
-71.05998,20.55994,124.8777
-70.94572,20.43062,124.1159
-70.78375,20.23591,122.955
-70.52841,20.00528,121.668
-70.19464,19.75546,120.2061
-70.58453,19.42664,118.8546
-71.24496,19.3837,117.7747
-71.5777,19.73137,116.961
-71.453,19.99332,116.5463
-71.25305,19.86287,116.1682
-71.1723,19.79604,116.0964
-71.23526,19.79263,116.1393
-71.29446,19.72014,116.4681
-71.25616,19.40358,116.9627
-71.49767,19.50638,117.6957
-71.76788,19.7517,118.3208
-71.86835,19.9847,118.4925
-71.8134,19.86395,118.4219
-71.92189,19.89387,118.2712
-72.19252,20.14421,118.096
-72.50587,20.43394,117.9167
-72.51469,20.44217,117.8988
-72.51469,20.44217,117.8988
-72.45908,20.39177,117.7516
-72.16699,20.12531,117.3002
-71.54715,19.74501,116.9388
-70.65744,19.51011,116.6276
-69.63776,19.70554,115.8785
-68.52628,19.87753,115.2586
-67.36589,19.72702,114.5501
-66.04248,19.60081,113.7159
-64.83749,19.6625,112.954
-63.73871,19.91853,112.4942
-62.73705,20.02491,112.161
-61.76614,19.81361,111.603
-60.81508,19.84371,110.7113
-59.57611,20.02808,110.0239
-58.21698,19.79008,109.1422
-58.03882,19.70566,108.4668
-57.40643,19.72143,107.569
-56.39395,19.79631,106.7693
-55.28989,19.81306,105.9732
-54.04686,19.58571,105.376
-52.70078,19.6403,105.0197
-52.11798,19.7019,104.8658
-52.14934,19.69856,104.8747
-53.20181,19.60839,105.155
-54.88583,19.6806,105.6853
-56.88287,20.03463,106.4493
-58.5976,20.4632,107.173
-59.81679,21.10164,108.065
-61.23882,21.5715,108.6092
-61.89819,22.15745,109.6983
-62.23102,22.26146,111.2065
-62.57103,21.91956,112.9485
-62.88013,21.19672,114.5322
-63.60675,20.54681,115.1107
-64.911,19.6199,115.182
-65.90549,19.68998,115.613
-66.85899,20.59805,116.3819
-67.86557,21.51678,117.2415
-68.9707,22.03546,118.2999
-70.0724,22.15616,119.5287
-70.45203,21.87827,121.0073
-69.81686,21.20793,122.5314
-69.3174,20.38647,123.8361
-69.74548,20.18286,124.0149
-69.78267,20.18978,124.0157
-69.78267,20.18978,124.0157
-69.78267,20.18978,124.0157
-69.78267,20.18978,124.0157
-69.78267,20.18978,124.0157
-69.78267,20.18978,124.0157
-69.78267,20.18978,124.0157
-69.78267,20.18978,124.0157
-69.78267,20.18978,124.0157
-69.78267,20.18978,124.0157
-69.78267,20.18978,124.0157
-69.78267,20.18978,124.0157
-69.78267,20.18978,124.0157
-69.78267,20.18978,124.0157
-69.78267,20.18978,124.0157
