-199.4256,19.668,130.985
-199.4164,19.43413,130.9816
-199.4164,19.43413,130.9816
-199.4164,19.43413,130.9816
-199.4164,19.43413,130.9816
-199.4164,19.43413,130.9816
-199.4164,19.43413,130.9816
-199.4164,19.43413,130.9816
-199.4164,19.43413,130.9816
-199.4164,19.43413,130.9816
-199.4164,19.43413,130.9816
-199.4164,19.43413,130.9816
-199.4164,19.43413,130.9816
-199.4164,19.43413,130.9816
-199.4164,19.43413,130.9816
-199.4164,19.43413,130.9816
-199.4164,19.43413,130.9816
-199.4164,19.43413,130.9816
-199.4164,19.43413,130.9816
-199.4164,19.43413,130.9816
-199.4164,19.43413,130.9816
-199.4164,19.43413,130.9816
-199.4164,19.43413,130.9816
-199.4164,19.43413,130.9816
-199.4164,19.43413,130.9816
-199.4164,19.43413,130.9816
-199.4164,19.43413,130.9816
-199.4164,19.43413,130.9816
-199.4164,19.43413,130.9816
-199.4164,19.43413,130.9816
-199.4164,19.43413,130.9816
-199.4164,19.43413,130.9816
-199.4164,19.43413,130.9816
-199.4164,19.43413,130.9816
-199.4164,19.43413,130.9816
-199.4164,19.43413,130.9816
-199.4164,19.43413,130.9816
-199.4164,19.43413,130.9816
-199.4164,19.43413,130.9816
-199.4164,19.43413,130.9816
-199.4164,19.43413,130.9816
-199.4164,19.43413,130.9816
-199.4164,19.43413,130.9816
-199.4164,19.43413,130.9816
-199.4164,19.43413,130.9816
-199.4164,19.43413,130.9816
-199.4164,19.43413,130.9816
-199.4164,19.43413,130.9816
-199.4164,19.43413,130.9816
-199.4164,19.43413,130.9816
-199.4164,19.43413,130.9816
-199.4164,19.43413,130.9816
-199.4164,19.43413,130.9816
-199.4164,19.43413,130.9816
-199.4164,19.43413,130.9816
-199.4164,19.43413,130.9816
-199.4164,19.43413,130.9816
-199.4164,19.43413,130.9816
-199.4164,19.43413,130.9816
-199.4164,19.43413,130.9816
-199.4164,19.43413,130.9816
-199.4164,19.43413,130.9816
-199.4164,19.43413,130.9816
-199.4164,19.43413,130.9816
-199.4164,19.43413,130.9816
-199.4164,19.43413,130.9816
-199.4164,19.43413,130.9816
-199.4164,19.43413,130.9816
-199.4164,19.43413,130.9816
-199.4164,19.43413,130.9816
-199.4164,19.43413,130.9816
-199.4164,19.43413,130.9816
-199.3799,19.44704,131.2116
-199.2266,19.56656,132.6271
-199.3082,19.74886,134.3244
-198.9416,19.85335,135.7564
-198.6827,19.92276,137.0612
-198.6611,19.8292,137.3847
-198.0408,19.67255,137.5435
-197.078,19.45699,138.0167
-196.1732,19.43942,139.0753
-195.2508,19.4692,140.2237
-194.0003,19.49002,140.4616
-192.9402,19.49554,139.8764
-191.6602,19.50153,139.1254
-190.2217,19.49424,139.0679
-188.7724,19.26552,139.4011
-187.3272,19.11155,139.8819
-186.4639,19.03359,140.2748
-186.3737,19.0236,140.3019
-186.3737,19.0236,140.3019
-186.3737,19.0236,140.3019
-186.3737,19.0236,140.3019
-186.3737,19.0236,140.3019
-185.8965,18.98254,140.5345
-185.1169,18.9734,141.3513
-184.079,18.93162,142.2156
-182.7875,18.82979,142.9149
-181.4748,18.79201,143.3207
-179.9738,18.84179,143.6821
-178.5986,18.88735,144.0125
-177.0714,18.93457,144.3288
-175.5164,18.95592,144.25
-174.4364,18.94273,143.7753
-173.5029,18.93745,143.3005
-172.4185,18.62895,142.783
-171.1349,18.29242,142.1103
-170.1128,18.00482,141.0334
-169.2502,17.99379,140.0777
-168.7505,17.98679,139.448
-168.3791,17.98132,138.949
-168.3667,17.98113,138.9324
-168.2082,17.97843,138.6767
-167.7146,18.18677,137.7799
-167.1922,18.51264,136.845
-166.6037,18.87838,135.7965
-166.3966,19.00309,135.4411
-166.3954,19.00351,135.44
-166.3954,19.00351,135.44
-166.2068,19.03283,135.4008
-165.3005,19.16448,135.2435
-164.0953,19.19206,135.5323
-162.8495,19.13391,136.1235
-161.6104,19.04552,136.8147
-160.6222,18.82708,137.8655
-159.7159,18.62461,138.8364
-158.7073,18.40387,139.9015
-157.8681,18.17692,140.9338
-157.0401,17.97336,142.1534
-156.223,17.98054,143.2823
-155.2863,17.98057,144.5368
-154.1864,17.94616,146.0089
-152.9992,17.90366,147.9219
-152.5475,17.92774,148.6935
-152.5188,17.93015,148.7528
-152.5188,17.93015,148.7528
-152.5188,17.93015,148.7528
-152.5188,17.93015,148.7528
-152.5188,17.93015,148.7528
-152.5188,17.93015,148.7528
-152.5188,17.93015,148.7528
-152.5188,17.93015,148.7528
-152.5188,17.93015,148.7528
-152.5188,17.93015,148.7528
-152.5188,17.93015,148.7528
-152.5188,17.93015,148.7528
-152.5188,17.93015,148.7528
-152.5188,17.93015,148.7528
-152.5188,17.93015,148.7528
-152.5188,17.93015,148.7528
-152.5188,17.93015,148.7528
-152.5188,17.93015,148.7528
-152.5188,17.93015,148.7528
-152.5188,17.93015,148.7528
-152.5188,17.93015,148.7528
-152.5188,17.93015,148.7528
-152.5188,17.93015,148.7528
-152.5188,17.93015,148.7528
-152.5188,17.93015,148.7528
-152.5188,17.93015,148.7528
-152.5188,17.93015,148.7528
-152.5188,17.93015,148.7528
-152.5188,17.93015,148.7528
-152.5188,17.93015,148.7528
-152.5188,17.93015,148.7528
-152.5188,17.93015,148.7528
-152.5188,17.93015,148.7528
-152.5188,17.93015,148.7528
-152.5188,17.93015,148.7528
-152.5188,17.93015,148.7528
-152.5188,17.93015,148.7528
-152.5188,17.93015,148.7528
-152.5188,17.93015,148.7528
-152.5188,17.93015,148.7528
-152.5188,17.93015,148.7528
-152.5188,17.93015,148.7528
-152.5188,17.93015,148.7528
-152.5188,17.93015,148.7528
-152.5188,17.93015,148.7528
-152.5188,17.93015,148.7528
-152.5188,17.93015,148.7528
-152.5188,17.93015,148.7528
-152.5188,17.93015,148.7528
-152.5188,17.93015,148.7528
-152.5188,17.93015,148.7528
-152.5188,17.93015,148.7528
-152.5188,17.93015,148.7528
-152.5188,17.93015,148.7528
-152.5188,17.93015,148.7528
-152.5188,17.93015,148.7528
-152.5188,17.93015,148.7528
-152.5188,17.93015,148.7528
-152.5188,17.93015,148.7528
-152.5188,17.93015,148.7528
-152.5188,17.93015,148.7528
-152.5188,17.93015,148.7528
-152.5188,17.93015,148.7528
-152.5188,17.93015,148.7528
-152.5997,17.92596,149.2803
-152.7831,17.91645,150.4756
-152.9751,17.8983,151.7181
-153.049,17.85184,152.2109
-153.0509,17.85013,152.2378
-153.0509,17.85013,152.2378
-152.9687,17.8462,152.3111
-152.1577,17.82279,152.7905
-150.9203,17.8306,153.3838
-149.4388,17.82707,153.6438
-148.0553,17.84906,153.8904
-146.5123,17.88613,154.1317
-144.9826,17.93142,154.137
-144.3007,17.95469,153.9148
-143.9544,17.96664,153.7748
-142.9666,18.0062,153.217
-141.7975,18.04941,152.6617
-140.5213,18.22585,152.312
-139.4162,18.46263,151.6639
-138.5178,18.77125,150.6662
-137.6385,18.85813,149.7125
-137.1937,18.81227,149.2548
-137.1743,18.81297,149.2364
-137.1743,18.81297,149.2364
-137.1743,18.81297,149.2364
-137.1743,18.81297,149.2364
-137.1743,18.81297,149.2364
-137.1743,18.81297,149.2364
-137.1743,18.81297,149.2364
-137.1743,18.81297,149.2364
-137.1743,18.81297,149.2364
-137.1743,18.81297,149.2364
-137.1743,18.81297,149.2364
-137.1743,18.81297,149.2364
-137.1743,18.81297,149.2364
-137.1743,18.81297,149.2364
-137.1743,18.81297,149.2364
-137.1743,18.81297,149.2364
-137.1743,18.81297,149.2364
-137.1743,18.81297,149.2364
-137.1743,18.81297,149.2364
-137.1743,18.81297,149.2364
-137.1754,18.81248,149.2508
-137.2338,18.78685,149.9891
-137.4305,18.7456,151.166
-137.7143,18.70032,152.6362
-138.1066,18.43124,153.8963
-139.1743,18.29181,154.909
-140.4051,18.12353,155.8393
-141.5664,17.96346,156.897
-142.5331,17.85256,157.9586
-143.2509,17.78932,159.3709
-143.7584,17.77335,160.7048
-143.6966,18.13126,161.9065
-143.2792,17.90688,163.5585
-142.4409,17.85404,165.9081
-141.5459,17.90269,168.4109
-140.5275,18.00456,171.3131
-139.6368,17.78366,174.309
-138.8264,17.68862,177.4467
-138.1835,17.81245,180.4691
-137.6234,17.78645,183.5482
-137.008,17.62731,186.364
-136.2206,17.76521,189.3138
-135.895,18.07917,192.2216
-136.3999,18.35945,194.8694
-137.0253,18.62473,197.7917
-138.4858,18.82177,200.4057
-140.4182,19.09482,202.7135
-143.1876,19.63555,203.3354
-145.2466,19.9672,203.3554
-147.1434,20.49102,203.5668
-148.4426,20.7373,204.1599
-149.7065,20.6833,204.6275
-151.4082,20.90952,204.9973
-151.6014,21.184,205.6425
-151.5984,21.1902,205.6556
-151.5984,21.1902,205.6556
-151.5984,21.1902,205.6556
-151.2411,21.1532,205.6417
-150.2722,21.02288,205.5431
-149.0971,20.85139,205.3963
-147.8585,20.64901,205.1976
-146.659,20.46936,205.0438
-145.2311,20.18441,204.7406
-143.7591,19.89117,204.3722
-142.2829,19.58971,203.9563
-141.0303,19.2919,203.3384
-139.8645,18.98269,202.5614
-139.0148,18.79032,201.9248
-138.9088,18.78261,201.8456
-138.9088,18.78261,201.8456
